"SID"	"window"	"n"	"N"	"gene"	"k"	"pValue"	"qValue"
"1:139816-139866"	51	3	51	"AL627309.1"	3	3.724e-05	0.03076
"1:946109-946161"	53	5	53	"ISG15"	5	6.779e-09	7.362e-06
"1:1183470-1183544"	75	3	75	"FAM132A"	2	0.004628	0.9025
"1:12908944-12909012"	69	6	69	"HNRNPCL1"	4	1.472e-06	0.00145
"1:12911050-12911116"	67	3	67	"HNRNPCL1"	3	0.0003098	0.184
"1:15940983-15941070"	88	3	76	"DDI2"	2	0.01382	1
"1:16009060-16009163"	104	4	104	"PLEKHM2"	4	3.447e-05	0.02871
"1:16940058-16940161"	104	3	104	"NBPF1"	3	0.0004154	0.2276
"1:17306739-17306791"	53	3	53	"MFAP2"	3	0.0001002	0.07264
"1:18805087-18805145"	59	3	59	"KLHDC7A"	3	7.959e-05	0.05937
"1:22301450-22301554"	105	3	105	"CELA3B"	2	0.001224	0.4651
"1:22301636-22301723"	88	6	88	"CELA3B"	6	3.342e-09	3.653e-06
"1:26123695-26123750"	56	6	56	"SEPN1"	5	1.966e-08	2.108e-05
"1:27021490-27021540"	51	4	51	"ARID1A"	4	6.381e-07	0.0006458
"1:27666991-27667073"	83	4	83	"SYTL1"	4	3.831e-06	0.003662
"1:32804184-32804234"	51	3	51	"MARCKSL1"	3	5.043e-05	0.04019
"1:34631173-34631225"	53	3	53	"C1orf94"	2	0.005389	0.9397
"1:36236011-36236063"	53	3	53	"CLSPN"	3	1.74e-05	0.01554
"1:36851522-36851599"	78	3	78	"STK40"	3	0.000456	0.243
"1:39339973-39340027"	55	3	55	"MYCBP"	3	0.0007166	0.3241
"1:40940628-40940679"	52	3	52	"ZFP69"	3	3.91e-05	0.0321
"1:47657084-47657134"	51	3	51	"PDZK1IP1"	3	3.452e-06	0.003314
"1:52606459-52606517"	59	6	59	"ZFYVE9"	6	1.081e-10	1.213e-07
"1:53191067-53191188"	122	3	122	"ZYG11B"	3	0.002284	0.6692
"1:64667925-64667975"	51	3	51	"UBE2U"	3	8.625e-05	0.06391
"1:66257559-66257653"	95	5	95	"PDE4B"	5	6.187e-06	0.005816
"1:66998301-66998399"	99	3	99	"SGIP1"	3	0.001354	0.4983
"1:68915845-68915921"	77	3	77	"RPE65"	3	0.0004249	0.2315
"1:79473456-79473586"	131	3	131	"ELTD1"	2	0.0331	1
"1:86046152-86046235"	84	3	84	"CYR61"	3	0.000996	0.4034
"1:103575271-103575367"	97	3	97	"COL11A1"	3	5.805e-05	0.04545
"1:103575526-103575618"	93	3	93	"COL11A1"	3	0.001627	0.5467
"1:103576773-103576864"	92	3	92	"COL11A1"	3	0.000343	0.1983
"1:110254488-110254563"	76	4	76	"GSTM5"	3	0.0005129	0.2606
"1:116386526-116386580"	55	3	42	"NHLH2"	3	2.011e-06	0.001955
"1:119531469-119531519"	51	4	51	"TBX15"	4	2.723e-07	0.0002794
"1:120254480-120254530"	51	7	30	"PHGDH"	6	1.449e-11	1.652e-08
"1:120612348-120612443"	96	5	96	"NOTCH2"	5	6.777e-07	0.0006845
"1:120615153-120615203"	51	3	51	"NOTCH2"	3	4.413e-05	0.03575
"1:143768179-143768244"	66	5	66	"PPIAL4G"	5	3.16e-09	3.46e-06
"1:145718088-145718160"	73	3	73	"CD160"	2	0.06285	1
"1:148204202-148204284"	83	9	83	"PPIAL4D"	9	1.095e-17	1.286e-14
"1:148559472-148559635"	164	6	164	"NBPF15"	6	2.572e-08	2.739e-05
"1:148560057-148560129"	73	3	73	"NBPF15"	3	0.0001559	0.1065
"1:149751726-149751776"	51	3	51	"FCGR1A"	3	3.708e-05	0.0307
"1:149785504-149785554"	51	5	51	"HIST2H2BF"	5	6.851e-10	7.577e-07
"1:151163458-151163509"	52	6	52	"VPS72"	6	1.261e-10	1.414e-07
"1:151371698-151371748"	51	3	51	"PSMB4"	3	7.828e-05	0.05848
"1:152646999-152647074"	76	3	76	"LCE2C"	3	0.0001841	0.1226
"1:153001951-153002043"	93	3	93	"SPRR1B"	2	0.01008	1
"1:153643780-153643836"	57	3	57	"ILF2"	3	0.0002064	0.1333
"1:153962449-153962506"	58	3	58	"RPS27"	2	0.003475	0.8298
"1:154581276-154581340"	65	5	65	"ADAR"	4	1.072e-06	0.001069
"1:156548024-156548100"	77	3	77	"TTC24"	3	8.235e-05	0.06127
"1:157522545-157522687"	143	3	143	"FCRL5"	3	0.01542	1
"1:157568870-157568920"	51	6	51	"FCRL4"	6	2.823e-11	3.198e-08
"1:157790395-157790488"	94	3	94	"FCRL1"	3	0.0002371	0.1498
"1:157813460-157813581"	122	3	122	"CD5L"	3	0.0002857	0.1726
"1:158223509-158223575"	67	3	67	"CD1A"	3	0.002417	0.6898
"1:158534271-158534470"	200	7	200	"OR6P1"	7	1.367e-06	0.001352
"1:159173670-159173800"	131	3	131	"DARC"	3	0.001032	0.4149
"1:159748532-159748640"	109	3	109	"DUSP23"	3	0.000284	0.1721
"1:160082728-160082784"	57	5	57	"ATP1A2"	4	8.232e-06	0.007664
"1:160617544-160617619"	76	3	76	"SLAMF1"	3	3.489e-05	0.02903
"1:161171124-161171233"	110	3	110	"ADAMTS4"	2	0.006783	0.9971
"1:161493636-161493739"	104	7	104	"HSPA6"	7	2.196e-09	2.416e-06
"1:163175374-163175453"	80	3	80	"RGS5"	3	0.0002544	0.1577
"1:166807377-166807439"	63	3	63	"POGK"	2	0.01218	1
"1:166845690-166845772"	83	3	83	"TADA1"	3	0.0002847	0.1722
"1:168515541-168515591"	51	4	51	"XCL2"	4	8.387e-07	0.0008429
"1:168515712-168515762"	51	3	51	"XCL2"	3	2.001e-05	0.01763
"1:171713732-171713796"	65	3	65	"VAMP4"	3	5.824e-05	0.04551
"1:179849160-179849212"	53	3	53	"TOR1AIP2"	3	3.712e-05	0.0307
"1:182642180-182642316"	137	3	137	"RGS8"	3	0.01717	1
"1:184724035-184724096"	62	3	49	"EDEM3"	3	0.000629	0.2963
"1:192604650-192604719"	70	3	70	"RGS13"	2	0.00483	0.9067
"1:196912312-196912432"	121	3	121	"CFHR2"	3	0.0002125	0.1366
"1:197115856-197115977"	122	3	122	"ASPM"	3	0.0002384	0.1504
"1:197886234-197886284"	51	4	51	"LHX9"	4	2.701e-06	0.002617
"1:198123721-198123771"	51	5	51	"NEK7"	5	5.528e-09	6.009e-06
"1:200592631-200592732"	102	4	102	"KIF14"	4	0.0001155	0.08212
"1:205181094-205181154"	61	3	61	"DSTYK"	3	0.0003262	0.1918
"1:207097562-207097651"	90	4	90	"FAIM3"	3	0.0001677	0.1134
"1:209848026-209848078"	53	6	53	"G0S2"	6	2.271e-09	2.496e-06
"1:210110890-210110944"	55	6	55	"SYT14"	6	7.734e-11	8.693e-08
"1:211667790-211667850"	61	4	61	"RD3"	4	1.533e-06	0.001505
"1:214775290-214775395"	106	3	106	"CENPF"	2	0.009756	1
"1:226598201-226598256"	56	7	56	"PARP1"	5	2.02e-07	0.0002083
"1:230852902-230852952"	51	4	51	"AGT"	4	7.193e-07	0.0007243
"1:231762390-231762440"	51	3	51	"DISC1"	3	3.328e-05	0.02786
"1:233431687-233431769"	83	3	83	"PCNXL2"	3	0.0002827	0.1716
"1:236847379-236847436"	58	5	58	"ACTN2"	5	3.544e-09	3.87e-06
"1:240254781-240254899"	119	4	119	"FMN2"	3	0.008546	1
"1:241521743-241521889"	147	3	147	"RGS7"	3	0.005016	0.9129
"1:241695312-241695395"	84	3	84	"KMO"	2	0.02232	1
"1:246670601-246670697"	97	4	83	"SMYD3"	4	0.0006668	0.3047
"1:247617471-247617534"	64	7	64	"OR2B11"	7	1.958e-10	2.187e-07
"1:247768182-247768300"	119	3	119	"OR2G3"	3	0.01063	1
"1:247838675-247838772"	98	4	98	"OR13G1"	3	0.0003895	0.2173
"1:247923639-247923808"	170	4	170	"OR1C1"	4	0.0004709	0.2482
"1:248007301-248007364"	64	3	64	"OR11L1"	3	0.0004396	0.2374
"1:248128390-248128442"	53	3	53	"OR2AK2"	3	0.0004385	0.2374
"1:248199477-248199570"	94	3	94	"OR2L2"	3	0.0005467	0.2739
"1:248308021-248308121"	101	3	101	"OR2M5"	2	0.0153	1
"1:248402059-248402163"	105	3	105	"OR2M4"	3	0.0005942	0.2873
"1:248437159-248437397"	239	7	239	"OR2T33"	7	3.546e-08	3.762e-05
"1:248488093-248488184"	92	3	92	"OR2M7"	2	0.006969	0.9971
"1:248510303-248510416"	114	3	114	"OR14C36"	3	0.002406	0.6898
"1:248510618-248510730"	113	3	113	"OR14C36"	3	0.0004853	0.2538
"1:248521981-248522093"	113	4	113	"OR2T4"	4	7.974e-05	0.05941
"1:248523988-248524094"	107	4	107	"OR2T4"	4	5.746e-05	0.04505
"1:248548438-248548517"	80	3	80	"OR2T6"	3	0.0003274	0.1922
"1:248566364-248566458"	95	4	95	"OR2T1"	4	6.845e-05	0.05195
"1:248635820-248635995"	176	5	176	"OR2T3"	5	1.11e-05	0.01022
"1:248725488-248725610"	123	3	123	"OR2T29"	3	0.004128	0.8669
"1:248816368-248816452"	85	3	85	"OR2T27"	2	0.01972	1
"1:248845678-248845781"	104	3	104	"OR14I1"	3	0.0126	1
"2:2337411-2337534"	124	3	124	"MYT1L"	3	0.001614	0.5439
"2:2337851-2337959"	109	4	109	"MYT1L"	4	4.322e-05	0.03514
"2:9146253-9146307"	55	3	55	"MBOAT2"	2	0.0005447	0.2734
"2:10182794-10182890"	97	5	97	"KLF11"	4	1.669e-06	0.001628
"2:11487257-11487392"	136	4	136	"ROCK2"	3	0.0002888	0.1736
"2:11812358-11812408"	51	4	51	"NTSR2"	4	3.419e-07	0.0003494
"2:15838301-15838354"	54	3	54	"AC008271.1"	3	2.971e-05	0.02516
"2:16079914-16080032"	119	3	119	"MYCN"	3	0.005882	0.9592
"2:27070193-27070301"	109	4	109	"DPYSL5"	4	2.53e-05	0.02181
"2:48983474-48983538"	65	3	65	"LHCGR"	2	0.001136	0.4457
"2:62130292-62130401"	110	4	110	"COMMD1"	2	0.01307	1
"2:62735768-62735907"	140	5	140	"TMEM17"	4	0.001948	0.6068
"2:62932599-62932692"	94	3	94	"EHBP1"	3	0.001214	0.4625
"2:65359194-65359246"	53	4	53	"RAB1A"	4	3.827e-07	0.0003904
"2:67622514-67622588"	75	3	75	"ETAA1"	3	0.0001125	0.08032
"2:69181162-69181216"	55	4	55	"GKN2"	4	5.469e-06	0.005163
"2:73427202-73427269"	68	3	68	"NOTO"	3	0.0001032	0.07441
"2:74055951-74056007"	57	3	57	"STAMBP"	2	0.01299	1
"2:74741105-74741188"	84	3	84	"TLX2"	3	0.004823	0.9067
"2:75940183-75940300"	118	3	118	"GCFC2"	3	0.003946	0.8484
"2:77751157-77751266"	110	3	110	"LRRTM4"	3	0.000119	0.08437
"2:79250796-79250883"	88	4	88	"REG3G"	4	8.77e-06	0.008156
"2:79315444-79315523"	80	3	80	"REG1B"	3	0.0003486	0.2004
"2:79347238-79347354"	117	4	117	"REG1A"	4	2.853e-05	0.02428
"2:79387528-79387625"	98	3	98	"REG3A"	3	0.0007479	0.3315
"2:85789971-85790094"	124	4	124	"GGCX"	3	0.0007139	0.3241
"2:88991064-88991186"	123	3	98	"RPIA"	3	0.0005938	0.2873
"2:95962885-95963034"	150	3	150	"KCNIP3"	3	0.0006439	0.2997
"2:96784140-96784251"	112	3	112	"ADRA2B"	2	0.0208	1
"2:99871616-99871703"	88	3	88	"LYG2"	3	0.00442	0.885
"2:103087407-103087506"	100	3	100	"SLC9A4"	3	0.0002194	0.1404
"2:105469396-105469449"	54	3	54	"POU3F3"	3	4.503e-06	0.004282
"2:105654379-105654465"	87	5	62	"MRPS9"	5	2.052e-05	0.01802
"2:108601733-108601823"	91	3	91	"SLC5A7"	3	0.0003176	0.188
"2:110373910-110373963"	54	6	54	"SEPT10"	6	3.212e-09	3.514e-06
"2:119607387-119607549"	163	4	163	"EN1"	3	0.01969	1
"2:119698774-119698906"	133	4	133	"MARCO"	4	0.0002714	0.165
"2:122494986-122495039"	54	3	54	"MKI67IP"	3	0.001171	0.4532
"2:124780195-124780286"	92	3	92	"CNTNAP5"	3	0.0003148	0.1867
"2:124780628-124780731"	104	3	104	"CNTNAP5"	3	0.002226	0.6656
"2:124782076-124782145"	70	3	70	"CNTNAP5"	3	0.0006494	0.2997
"2:127411966-127412068"	103	3	103	"GYPC"	3	0.00104	0.417
"2:130956363-130956413"	51	3	51	"TUBA3E"	3	0.001386	0.5052
"2:142890350-142890450"	101	4	101	"LRP1B"	4	5.635e-06	0.005314
"2:154726934-154727015"	82	3	82	"GALNT13"	2	0.01142	1
"2:155552783-155552895"	113	4	113	"KCNJ3"	4	0.0001367	0.09494
"2:159650658-159650708"	51	4	51	"DAPL1"	4	7.37e-07	0.0007414
"2:161350880-161350930"	51	3	51	"RBMS1"	3	5.826e-05	0.04551
"2:162933494-162933573"	80	3	80	"DPP4"	3	0.00324	0.803
"2:163697790-163697875"	86	3	86	"KCNH7"	3	0.0004985	0.2562
"2:164594411-164594532"	122	3	122	"FIGN"	3	0.004544	0.8952
"2:166653491-166653541"	51	7	51	"GALNT3"	7	3.382e-12	3.883e-09
"2:170432624-170432706"	83	3	83	"FASTKD1"	3	0.008506	1
"2:171032144-171032260"	117	3	117	"MYO3B"	3	0.00307	0.7828
"2:175352027-175352125"	99	3	99	"GPR155"	3	0.001904	0.6004
"2:186602021-186602084"	64	3	64	"FSIP2"	2	0.003701	0.8327
"2:187348836-187348898"	63	3	63	"ZC3H15"	2	0.004585	0.8987
"2:187714504-187714554"	51	7	51	"ZSWIM2"	7	3.799e-12	4.357e-09
"2:187716265-187716331"	67	3	67	"ZSWIM2"	3	0.004901	0.9116
"2:197792538-197792588"	51	6	51	"PGAP1"	6	8.694e-12	9.946e-09
"2:202897161-202897277"	117	7	117	"FZD7"	5	1.83e-07	0.000189
"2:203104335-203104388"	54	4	54	"SUMO1"	2	0.003599	0.8298
"2:204570571-204570628"	58	3	58	"CD28"	2	0.002457	0.6929
"2:204731212-204731264"	53	3	53	"CTLA4"	3	9.394e-05	0.06858
"2:209012461-209012608"	148	3	148	"CRYGB"	3	0.0008852	0.3775
"2:211341706-211341756"	51	5	51	"LANCL1"	5	2.638e-09	2.894e-06
"2:216176288-216176361"	74	6	74	"ATIC"	6	5.862e-10	6.495e-07
"2:216303293-216303349"	57	4	57	"FN1"	2	0.0004945	0.2557
"2:217238235-217238290"	56	3	56	"MARCH4"	2	0.005351	0.9397
"2:219908600-219908652"	53	3	53	"CCDC108"	3	1.467e-05	0.01326
"2:220436728-220436778"	51	3	51	"OBSL1"	3	1.056e-05	0.009736
"2:229047018-229047116"	99	3	99	"SPHKAP"	3	0.001945	0.6068
"2:233241365-233241463"	99	3	99	"ALPP"	3	0.002308	0.6739
"2:233641811-233641861"	51	4	51	"KCNJ13"	4	4.843e-08	5.119e-05
"2:241396755-241396866"	112	3	112	"AC110619.2"	3	0.001205	0.4603
"2:241622293-241622343"	51	4	26	"AQP12B"	4	3.437e-06	0.003303
"2:241631050-241631153"	104	4	104	"AQP12A"	3	0.0006342	0.2968
"3:1133351-1133404"	54	5	54	"CNTN6"	5	2.045e-08	2.188e-05
"3:2138201-2138333"	133	6	133	"CNTN4"	6	9.306e-07	0.0009306
"3:21795253-21795332"	80	5	80	"ZNF385D"	5	3.259e-10	3.634e-07
"3:39322800-39322868"	69	4	69	"CX3CR1"	2	0.0442	1
"3:43325382-43325434"	53	4	53	"SNRK"	4	9.075e-07	0.0009111
"3:69435681-69435750"	70	3	70	"FRMD4B"	2	0.0476	1
"3:75834838-75834889"	52	6	52	"ZNF717"	5	3.495e-08	3.712e-05
"3:75834965-75835077"	113	8	113	"ZNF717"	7	9.105e-10	1.004e-06
"3:75835080-75835280"	201	14	201	"ZNF717"	11	4.228e-13	4.888e-10
"3:75835290-75835408"	119	6	119	"ZNF717"	5	7.172e-07	0.0007229
"3:75835592-75835728"	137	5	137	"ZNF717"	4	0.0001559	0.1065
"3:75836965-75837064"	100	7	100	"ZNF717"	7	9.522e-12	1.088e-08
"3:75837107-75837277"	171	16	149	"ZNF717"	13	8.933e-18	1.05e-14
"3:93693276-93693332"	57	3	57	"PROS1"	3	6.986e-05	0.05288
"3:97851079-97851154"	76	3	76	"OR5H1"	2	0.0569	1
"3:97866331-97866485"	155	4	155	"OR5H14"	4	0.0003317	0.1935
"3:97867207-97867296"	90	3	90	"OR5H14"	2	0.004237	0.8688
"3:97884921-97885003"	83	3	83	"OR5H15"	3	0.00406	0.8648
"3:97887268-97887401"	134	4	134	"OR5H15"	4	0.001459	0.515
"3:97887427-97887520"	94	3	94	"OR5H15"	2	0.08825	1
"3:98241809-98241922"	114	3	114	"CLDND1"	3	0.01453	1
"3:99536398-99536489"	92	3	92	"CMSS1"	3	0.0008531	0.3677
"3:100051253-100051303"	51	4	51	"NIT2"	4	9.079e-07	0.0009111
"3:100208999-100209054"	56	3	56	"TMEM45A"	2	0.0009673	0.3956
"3:108539743-108539832"	90	3	90	"TRAT1"	3	0.0001418	0.09785
"3:108837832-108837921"	90	3	90	"MORC1"	3	0.0001239	0.08735
"3:109035561-109035675"	115	3	115	"DPPA2"	3	0.003155	0.7951
"3:109036330-109036421"	92	3	92	"DPPA2"	3	0.0001612	0.1096
"3:111259959-111260043"	85	3	85	"CD96"	3	0.0007246	0.3261
"3:112051024-112051094"	71	3	71	"CD200"	2	0.005395	0.9397
"3:122280980-122281038"	59	4	59	"DTX3L"	4	1.531e-06	0.001505
"3:122919948-122920073"	126	4	126	"SEC22A"	3	0.01151	1
"3:129693064-129693142"	79	6	79	"TRH"	5	2.637e-08	2.806e-05
"3:130062091-130062179"	89	4	89	"COL6A5"	3	0.0004574	0.2433
"3:137715854-137715942"	89	3	89	"CLDN18"	3	0.001235	0.4665
"3:137835396-137835518"	123	3	123	"DZIP1L"	3	0.001705	0.5592
"3:139196616-139196703"	88	3	88	"RBP2"	3	0.0003919	0.2179
"3:139398894-139398990"	97	3	97	"NMNAT3"	3	0.0004491	0.2415
"3:142718999-142719049"	51	7	51	"U2SURP"	7	2.86e-11	3.238e-08
"3:145879954-145880047"	94	3	94	"PLOD2"	2	0.00868	1
"3:147126015-147126169"	155	6	155	"ZIC4"	6	4.276e-08	4.528e-05
"3:147126337-147126415"	79	3	79	"ZIC4"	3	0.004176	0.8688
"3:149052178-149052242"	65	6	65	"TM4SF18"	6	7.704e-10	8.513e-07
"3:153838370-153838428"	59	4	59	"ARHGEF26"	4	6.283e-06	0.0059
"3:157223588-157223663"	76	6	76	"VEPH1"	6	7.334e-11	8.251e-08
"3:158288867-158288960"	94	3	94	"MLF1"	3	0.0001823	0.1218
"3:158785453-158785584"	132	3	132	"IQCJ-SCHIP1"	3	0.003816	0.8395
"3:164799005-164799102"	98	3	98	"SI"	3	0.0005827	0.2857
"3:164916731-164916795"	65	3	65	"SLITRK3"	3	0.0001673	0.1134
"3:167099477-167099551"	75	3	75	"ZBBX"	3	0.0005406	0.2719
"3:169490041-169490156"	116	3	116	"MYNN"	3	0.0005936	0.2873
"3:169530852-169530929"	78	3	78	"LRRC34"	3	0.0007438	0.3315
"3:170744583-170744684"	102	3	102	"SLC2A2"	3	0.0006907	0.315
"3:171529977-171530079"	103	3	103	"PLD1"	3	0.001892	0.6004
"3:179280038-179280124"	87	10	87	"ACTL6A"	10	6.081e-17	7.127e-14
"3:180319375-180319492"	118	5	118	"TTC14"	4	5.719e-05	0.04493
"3:181428733-181428834"	102	3	102	"SOX2"	3	0.0006065	0.2899
"3:181429538-181429618"	81	5	81	"SOX2"	4	3.595e-06	0.00344
"3:183353262-183353359"	98	4	94	"KLHL24"	3	0.0004076	0.2246
"3:183748611-183748679"	69	4	69	"HTR3D"	4	6.314e-05	0.04834
"3:184032024-184032076"	53	3	53	"EIF4G1"	2	0.003333	0.8133
"3:186328316-186328375"	60	3	60	"AHSG"	2	0.00243	0.6898
"3:186501088-186501185"	98	3	98	"EIF4A2"	2	0.004089	0.8648
"3:186913294-186913358"	65	7	65	"RTP1"	7	8.378e-13	9.668e-10
"3:189347793-189347874"	82	3	82	"TP63"	3	8.753e-05	0.0646
"3:194092565-194092618"	54	7	54	"LRRC15"	7	2.801e-11	3.176e-08
"3:195446272-195446325"	54	3	54	"MUC20"	3	0.0001786	0.1195
"3:196669738-196669823"	86	3	86	"NCBP2"	2	0.00741	1
"4:50277-50371"	95	4	95	"ZNF595"	4	1.193e-05	0.01093
"4:50376-50446"	71	3	71	"ZNF595"	3	2.236e-05	0.01956
"4:50634-50729"	96	3	96	"ZNF595"	3	0.001888	0.6004
"4:50888-51047"	160	6	160	"ZNF595"	5	4.205e-05	0.03427
"4:51053-51349"	297	9	297	"ZNF595"	8	1.523e-06	0.001499
"4:51492-51721"	230	8	230	"ZNF595"	8	1.128e-08	1.218e-05
"4:51888-52105"	218	11	218	"ZNF595"	10	1.308e-11	1.492e-08
"4:52110-52248"	139	6	139	"ZNF595"	6	3.781e-07	0.000386
"4:52284-52353"	70	3	70	"ZNF595"	3	0.002679	0.734
"4:52387-52463"	77	3	77	"ZNF595"	3	0.0006432	0.2997
"4:52648-52720"	73	4	73	"ZNF595"	4	3.045e-05	0.02567
"4:52764-52815"	52	3	52	"ZNF595"	3	0.001587	0.5364
"4:52859-53105"	247	9	247	"ZNF595"	7	7.343e-08	7.703e-05
"4:53109-53214"	106	3	89	"ZNF595"	3	0.0002045	0.1325
"4:821275-821371"	97	3	97	"CPLX1"	3	0.01465	1
"4:4231216-4231323"	108	4	108	"OTOP1"	3	0.0005476	0.2739
"4:5022908-5023009"	102	3	102	"CYTL1"	3	0.0008882	0.3775
"4:9245328-9245386"	59	6	59	"USP17L17"	6	3.315e-10	3.693e-07
"4:9249935-9250083"	149	5	149	"USP17L18"	5	2.907e-06	0.002808
"4:25164544-25164602"	59	4	59	"SEPSECS"	3	0.0001209	0.08548
"4:39699078-39699130"	53	4	53	"UBE2K"	4	9.093e-07	0.0009111
"4:46127118-46127243"	126	5	126	"GABRG1"	5	5.695e-05	0.04493
"4:46393400-46393468"	69	3	69	"GABRA2"	3	4.712e-05	0.03784
"4:46394508-46394572"	65	3	60	"GABRA2"	2	0.01119	1
"4:46996473-46996533"	61	4	61	"GABRA4"	4	3.367e-07	0.0003444
"4:48017201-48017251"	51	3	51	"NIPAL1"	3	2.269e-05	0.01979
"4:66536072-66536164"	93	3	93	"EPHA5"	3	0.001805	0.5794
"4:71090479-71090531"	53	3	53	"FDCSP"	2	0.02503	1
"4:71106052-71106159"	108	3	108	"CSN3"	3	0.0006083	0.2902
"4:74849103-74849153"	51	7	51	"PF4"	7	3.348e-11	3.783e-08
"4:75227878-75227932"	55	4	55	"EREG"	3	0.0002094	0.1349
"4:76930748-76930803"	56	7	56	"CXCL9"	7	6.287e-13	7.261e-10
"4:79695415-79695513"	99	3	99	"BMP2K"	3	0.00271	0.734
"4:83484002-83484063"	62	3	62	"TMEM150C"	3	5.977e-05	0.04632
"4:83484408-83484488"	81	3	81	"TMEM150C"	2	0.02938	1
"4:88314090-88314140"	51	3	51	"HSD17B11"	3	4.824e-06	0.004573
"4:104121653-104121739"	87	3	87	"CENPE"	3	0.0008897	0.3775
"4:110733772-110733871"	100	3	100	"GAR1"	2	0.03606	1
"4:115518900-115518975"	76	3	76	"UGT8"	2	0.003444	0.8298
"4:120131426-120131546"	121	3	121	"USP53"	3	0.002068	0.6307
"4:122689040-122689148"	109	3	109	"TMEM155"	3	0.001757	0.571
"4:122791745-122791814"	70	3	70	"BBS7"	3	0.0002631	0.1619
"4:134068882-134069018"	137	3	137	"PCDH10"	3	0.002971	0.7635
"4:147559707-147559832"	126	3	126	"POU4F2"	3	0.007743	1
"4:159440365-159440449"	85	3	85	"RXFP1"	2	0.005239	0.9351
"4:159645477-159645529"	53	3	53	"PPID"	3	0.001153	0.4485
"4:164090732-164090813"	82	3	82	"NAF1"	3	0.001487	0.5212
"4:164255256-164255378"	123	3	123	"NPY1R"	3	0.0003801	0.2144
"4:164264102-164264202"	101	3	101	"NPY5R"	3	0.0006468	0.2997
"4:174453978-174454093"	116	3	116	"HAND2"	3	0.009134	1
"4:190859048-190859138"	91	8	91	"FRG1"	7	5.49e-10	6.094e-07
"4:190859748-190859849"	102	3	102	"FRG1"	3	0.0005355	0.2699
"4:190860744-190860825"	82	5	82	"FRG1"	4	2.886e-05	0.02447
"4:190861272-190861334"	63	5	63	"FRG1"	5	3.071e-09	3.366e-06
"5:11904912-11905002"	91	3	91	"CTNND2"	3	0.001682	0.5551
"5:17217155-17217209"	55	9	55	"BASP1"	9	3.706e-17	4.347e-14
"5:19988683-19988740"	58	3	58	"CDH18"	3	0.001234	0.4665
"5:19989789-19989927"	139	5	139	"CDH18"	5	5.88e-06	0.005533
"5:19990869-19991016"	148	5	148	"CDH18"	4	1.347e-05	0.01223
"5:23505859-23505937"	79	3	79	"PRDM9"	3	0.0001852	0.123
"5:23507529-23507648"	120	4	120	"PRDM9"	4	0.0003311	0.1935
"5:27039671-27039774"	104	3	104	"CDH9"	3	0.0002237	0.1427
"5:27040034-27040140"	107	3	107	"CDH9"	2	0.02185	1
"5:31193565-31193666"	102	6	102	"CDH6"	5	6.531e-08	6.871e-05
"5:33438700-33438753"	54	6	54	"TARS"	6	2.197e-11	2.498e-08
"5:34008628-34008733"	106	3	106	"AMACR"	2	0.01108	1
"5:35617842-35617901"	60	3	60	"SPEF2"	3	0.0002627	0.1619
"5:36067103-36067204"	102	3	102	"UGT3A2"	3	0.0002896	0.1738
"5:36067937-36068039"	103	3	103	"UGT3A2"	3	0.0009421	0.3881
"5:39075399-39075456"	58	4	58	"RICTOR"	3	1.562e-05	0.01403
"5:40907271-40907347"	77	4	77	"C7"	4	2.671e-05	0.02292
"5:40908187-40908259"	73	3	73	"C7"	2	0.003439	0.8298
"5:43313608-43313680"	73	3	66	"HMGCS1"	3	0.0003842	0.2157
"5:44807121-44807243"	123	5	123	"MRPS30"	4	0.0003693	0.211
"5:45696876-45696982"	107	3	107	"HCN1"	3	0.00323	0.803
"5:45697040-45697178"	139	4	139	"HCN1"	4	0.0009491	0.3901
"5:45697970-45698066"	97	3	97	"HCN1"	3	0.0003387	0.1964
"5:54282401-54282517"	117	3	117	"ESM1"	3	0.002691	0.734
"5:54831893-54831961"	69	4	69	"PPAP2A"	2	0.003763	0.8393
"5:59997829-59997954"	126	3	126	"DEPDC1B"	2	0.1557	1
"5:78908143-78908234"	92	4	92	"PAPD4"	4	3.543e-06	0.003394
"5:83017532-83017622"	91	4	91	"HAPLN1"	3	4.038e-05	0.03307
"5:89705696-89705784"	89	3	89	"CETN3"	3	0.001338	0.4951
"5:92918467-92918519"	53	6	53	"NR2F1"	3	2.989e-05	0.02529
"5:94620896-94620968"	73	3	73	"MCTP1"	3	0.005115	0.9258
"5:115296747-115296822"	76	3	76	"AQPEP"	3	0.001787	0.5754
"5:140016028-140016090"	63	3	63	"TMCO6"	3	0.0006026	0.2886
"5:156391427-156391522"	96	3	96	"TIMD4"	2	0.01457	1
"5:156692263-156692331"	69	3	69	"CYFIP2"	3	0.004157	0.8688
"5:161493252-161493375"	124	3	124	"GABRG2"	3	0.001385	0.5052
"5:169063722-169063774"	53	3	53	"DOCK2"	3	4.804e-05	0.03838
"5:171616793-171616843"	51	3	51	"STK10"	3	2.546e-05	0.02192
"5:172570082-172570163"	82	3	82	"BNIP1"	3	0.0009048	0.378
"5:173314086-173314159"	74	3	74	"CPEB4"	3	0.002189	0.6567
"6:2246554-2246637"	84	3	84	"GMDS"	2	0.06843	1
"6:3229232-3229282"	51	3	51	"PSMG4"	3	2.866e-05	0.02436
"6:6586817-6586907"	91	3	91	"LY86"	2	0.00685	0.9971
"6:12287919-12287980"	62	8	62	"EDN1"	8	3.006e-14	3.496e-11
"6:16128533-16128588"	56	4	56	"MYLIP"	4	1.125e-06	0.001119
"6:24666857-24666932"	76	3	76	"ACOT13"	3	0.0004108	0.2255
"6:26158050-26158113"	64	3	64	"HIST1H2BD"	3	0.002574	0.7156
"6:26286814-26286879"	66	4	66	"HIST1H4H"	4	2.049e-05	0.01801
"6:27355604-27355702"	99	3	99	"ZNF391"	3	0.005961	0.962
"6:27775769-27775870"	102	3	102	"HIST1H2AI"	3	0.0004643	0.2459
"6:28191179-28191252"	74	3	74	"ZSCAN9"	3	0.003415	0.8298
"6:28484857-28484955"	99	3	99	"GPX6"	3	0.01169	1
"6:28490838-28490940"	103	3	103	"GPX5"	3	0.008158	1
"6:30129321-30129430"	110	3	110	"TRIM10"	3	0.001637	0.5468
"6:30900371-30900421"	51	4	51	"SFTA2"	4	1.357e-06	0.001343
"6:32498705-32498838"	134	4	134	"HLA-DRB5"	4	2.429e-05	0.02108
"6:32602281-32602397"	117	4	117	"HLA-DQA1"	3	0.008197	1
"6:32603003-32603064"	62	3	62	"HLA-DQA1"	2	0.03805	1
"6:32636577-32636671"	95	4	95	"HLA-DQB1"	3	0.004636	0.9025
"6:32706391-32706478"	88	3	88	"HLA-DQA2"	2	0.003281	0.8038
"6:33586519-33586571"	53	7	53	"ITPR3"	6	6.995e-11	7.883e-08
"6:36561992-36562093"	102	3	102	"SRSF3"	2	0.09271	1
"6:37665912-37666045"	134	5	134	"MDGA1"	3	0.01662	1
"6:43656531-43656621"	91	3	91	"MRPS18A"	2	0.005938	0.962
"6:46094845-46094949"	105	4	105	"ENPP4"	3	0.001554	0.5315
"6:49714279-49714387"	109	3	109	"CRISP3"	3	0.0009034	0.378
"6:52628418-52628479"	62	5	62	"GSTA2"	3	2.834e-05	0.02415
"6:52669301-52669381"	81	7	81	"GSTA1"	6	8.279e-10	9.14e-07
"6:55191803-55191928"	126	3	126	"GFRAL"	3	0.002098	0.636
"6:55445249-55445344"	96	3	96	"HMGCLL1"	3	0.00291	0.7582
"6:71668728-71668859"	132	4	132	"B3GAT2"	4	2.77e-05	0.02368
"6:78173702-78173775"	74	3	74	"HTR1B"	3	0.00128	0.4749
"6:80816294-80816370"	77	3	70	"BCKDHB"	3	0.0007579	0.3342
"6:86157616-86157705"	90	3	90	"NT5E"	2	0.003036	0.7772
"6:96462181-96462286"	106	3	106	"FUT9"	3	0.0001387	0.09612
"6:97286947-97287018"	72	6	72	"GPR63"	6	4.728e-10	5.258e-07
"6:97287905-97288023"	119	4	119	"GPR63"	3	0.003968	0.8492
"6:100051857-100051986"	130	3	130	"PRDM13"	3	0.002562	0.7148
"6:101844094-101844145"	52	3	52	"GRIK2"	2	0.0004583	0.2434
"6:105628979-105629097"	119	3	119	"POPDC3"	3	0.0001886	0.1245
"6:109415796-109415869"	74	3	74	"CEP57L1"	3	0.0003224	0.1902
"6:110299025-110299126"	102	3	102	"GPR6"	3	0.0001782	0.1194
"6:110299780-110299889"	110	3	110	"GPR6"	3	0.0003761	0.2129
"6:110501207-110501345"	139	3	136	"CDC40"	3	0.005545	0.9482
"6:116937261-116937311"	51	3	51	"RSPH4A"	3	3.396e-05	0.02836
"6:116990007-116990059"	53	5	53	"ZUFSP"	5	1.16e-08	1.25e-05
"6:122720524-122720595"	72	4	72	"HSF2"	3	0.0004962	0.2557
"6:122792960-122793071"	112	3	104	"SERINC1"	3	0.002312	0.6739
"6:130184534-130184625"	92	3	92	"TMEM244"	3	0.0002321	0.1478
"6:131387034-131387128"	95	3	95	"EPB41L2"	2	0.008965	1
"6:131894171-131894228"	58	6	58	"ARG1"	3	7.701e-05	0.0576
"6:132834889-132835014"	126	3	126	"STX7"	3	0.000419	0.2288
"6:132836738-132836830"	93	3	93	"STX7"	3	8.714e-05	0.0644
"6:132946522-132946610"	89	3	89	"TAAR2"	3	0.00059	0.2867
"6:132968713-132968790"	78	3	78	"TAAR1"	2	0.02055	1
"6:133079133-133079229"	97	3	82	"VNN2"	3	0.0004093	0.2251
"6:135375966-135376083"	118	3	93	"HBS1L"	2	0.1185	1
"6:135376354-135376444"	91	5	91	"HBS1L"	3	0.006002	0.962
"6:146348067-146348132"	66	3	66	"GRM1"	3	2.827e-05	0.02411
"6:146863380-146863436"	57	5	57	"RAB32"	5	5.211e-09	5.67e-06
"6:153017096-153017199"	104	3	104	"MYCT1"	3	0.00682	0.9971
"6:153069380-153069458"	79	3	79	"VIP"	3	0.0006296	0.2963
"6:166077789-166077930"	142	4	142	"PDE10A"	3	0.02154	1
"6:167799373-167799508"	136	4	136	"TCP10"	4	3.595e-05	0.02987
"6:167800433-167800487"	55	5	55	"TCP10"	5	6.713e-08	7.049e-05
"7:995439-995499"	61	4	61	"ADAP1"	4	9.518e-07	0.0009508
"7:4925886-4925957"	72	3	72	"RADIL"	2	0.000591	0.2867
"7:6489212-6489263"	52	3	52	"DAGLB"	3	4.75e-05	0.03805
"7:6866876-6866926"	51	4	51	"CCZ1B"	4	4.473e-07	0.000454
"7:10980596-10980655"	60	4	60	"NDUFA4"	4	5.406e-08	5.703e-05
"7:15728059-15728119"	61	3	61	"MEOX2"	3	0.0002403	0.1514
"7:18535633-18535716"	84	3	84	"HDAC9"	2	0.02424	1
"7:23284305-23284441"	137	3	137	"GPNMB"	3	0.006462	0.9887
"7:27703383-27703452"	70	3	70	"HIBADH"	2	0.00342	0.8298
"7:33168206-33168257"	52	3	52	"BBS9"	3	1.238e-05	0.0113
"7:35296083-35296153"	71	3	71	"TBX20"	3	9.786e-05	0.07114
"7:36190541-36190597"	57	4	57	"EEPD1"	4	2.649e-06	0.002572
"7:37886589-37886670"	82	3	82	"NME8"	3	0.0006312	0.2963
"7:38216240-38216309"	70	3	70	"STARD3NL"	3	0.001365	0.4996
"7:39988057-39988147"	91	3	91	"CDK13"	3	0.0007143	0.3241
"7:50132902-50133003"	102	3	102	"ZPBP"	2	0.01269	1
"7:50629353-50629444"	92	3	92	"DDC"	2	0.007374	1
"7:55431212-55431337"	126	3	126	"LANCL2"	3	0.001174	0.4532
"7:57207979-57208055"	77	3	77	"ZNF479"	3	0.0002874	0.1733
"7:57209018-57209159"	142	3	142	"ZNF479"	3	0.0009027	0.378
"7:57507946-57508045"	100	3	100	"ZNF716"	3	0.0005023	0.2572
"7:57509670-57509743"	74	3	74	"ZNF716"	3	0.0003498	0.2008
"7:63505197-63505367"	171	6	171	"ZNF727"	6	4.047e-06	0.003857
"7:63686123-63686177"	55	3	55	"ZNF679"	2	0.01705	1
"7:63686770-63686888"	119	4	119	"ZNF679"	4	7.172e-06	0.006699
"7:63688670-63688767"	98	3	98	"ZNF679"	3	0.0005077	0.2589
"7:70596291-70596360"	70	3	70	"WBSCR17"	3	0.0009697	0.3956
"7:73586062-73586156"	95	3	95	"EIF4H"	3	9.859e-05	0.07158
"7:86271386-86271438"	53	3	53	"GRM3"	2	0.0008908	0.3775
"7:93204758-93204834"	77	4	77	"CALCR"	4	0.0002432	0.1522
"7:94536650-94536728"	79	3	79	"PPP1R9A"	3	0.0005604	0.278
"7:99150662-99150745"	84	3	84	"FAM200A"	3	3.081e-05	0.02594
"7:99816182-99816310"	129	4	129	"PVRIG"	3	0.01544	1
"7:100270939-100271037"	99	3	99	"GNB2"	3	0.001434	0.5091
"7:100549234-100549321"	88	4	88	"MUC3A"	4	4.097e-05	0.03348
"7:100811265-100811322"	58	3	58	"VGF"	3	2.693e-05	0.02308
"7:102119462-102119574"	113	4	113	"POLR2J"	4	3.5e-06	0.003356
"7:102314626-102314676"	51	3	51	"POLR2J2"	3	5.989e-05	0.04635
"7:102314737-102314796"	60	3	60	"POLR2J2"	3	1.632e-05	0.01464
"7:102314802-102314869"	68	5	68	"POLR2J2"	5	1.976e-08	2.116e-05
"7:107203923-107204019"	97	3	97	"DUS4L"	3	0.0002341	0.1489
"7:108525703-108525761"	59	3	59	"C7orf66"	2	0.001485	0.5212
"7:111846561-111846635"	75	3	75	"DOCK4"	3	0.002341	0.6789
"7:114559676-114559745"	70	3	70	"MDFIC"	3	0.0007703	0.3374
"7:120627796-120627883"	88	3	88	"CPED1"	3	0.001134	0.4457
"7:123562829-123562902"	74	3	74	"SPAM1"	2	0.002029	0.6249
"7:124572612-124572761"	150	4	150	"POT1"	4	6.303e-05	0.04834
"7:128093537-128093587"	51	3	51	"HILPDA"	3	9.938e-06	0.009193
"7:132264161-132264249"	89	3	89	"PLXNA4"	3	0.006198	0.9682
"7:139527117-139527215"	99	3	99	"TBXAS1"	2	0.009058	1
"7:140715883-140715934"	52	10	52	"MRPS33"	10	1.875e-18	2.211e-15
"7:141543179-141543324"	146	3	146	"PRSS37"	3	0.002905	0.7582
"7:141957868-141958003"	136	5	125	"PRSS58"	4	0.0001009	0.07295
"7:142455413-142455526"	114	3	114	"PRSS1"	3	0.0002681	0.1633
"7:142456631-142456693"	63	3	63	"PRSS1"	3	0.00019	0.1252
"7:143630009-143630064"	56	4	56	"OR2F2"	4	1.668e-06	0.001628
"7:143699749-143699826"	78	3	78	"OR6B1"	3	0.00213	0.6411
"7:144013298-144013404"	107	3	107	"OR2A1"	3	0.0002362	0.1498
"7:145811374-145811492"	119	3	119	"CNTNAP2"	3	0.0004922	0.2557
"7:150209783-150209873"	91	3	91	"GIMAP7"	2	0.08672	1
"7:150210352-150210423"	72	3	72	"GIMAP7"	3	4.76e-05	0.03808
"7:150675961-150676017"	57	4	57	"KCNH2"	4	2.876e-07	0.0002948
"7:152373268-152373401"	134	6	134	"XRCC2"	6	5.604e-07	0.0005682
"7:153748045-153748181"	137	5	137	"DPP6"	5	1.508e-05	0.01362
"7:155248949-155249046"	98	3	98	"EN2"	2	0.01445	1
"7:156685936-156686042"	107	3	107	"LMBR1"	3	0.003212	0.803
"8:1446581-1446652"	72	3	72	"DLGAP2"	2	0.008787	1
"8:6736070-6736234"	165	4	165	"DEFB1"	4	0.0001507	0.1034
"8:7782870-7782941"	72	3	72	"ZNF705B"	2	0.004763	0.9055
"8:13421897-13421967"	71	3	71	"C8orf48"	3	7.377e-05	0.05543
"8:22101690-22101752"	63	7	63	"POLR3D"	7	2.17e-12	2.493e-09
"8:23566041-23566119"	79	3	79	"NKX2-6"	3	0.00124	0.4665
"8:26724409-26724488"	80	3	80	"ADRA1A"	3	0.0003031	0.1806
"8:26724924-26724997"	74	6	74	"ADRA1A"	5	1.217e-08	1.311e-05
"8:28243972-28244029"	58	3	46	"ZNF395"	3	0.001549	0.5313
"8:30518642-30518710"	69	3	69	"GTF2E2"	3	0.0001025	0.074
"8:38830277-38830327"	51	3	51	"HTRA4"	3	5.571e-05	0.04407
"8:39442014-39442091"	78	3	78	"ADAM18"	3	0.001225	0.4651
"8:55047681-55047767"	87	3	87	"MRPL15"	2	0.07953	1
"8:57361168-57361222"	55	4	55	"PENK"	3	1.007e-05	0.009305
"8:61194521-61194619"	99	3	99	"CA8"	3	0.005387	0.9397
"8:61196329-61196425"	97	3	97	"CA8"	2	0.01353	1
"8:66930948-66930998"	51	3	51	"DNAJC5B"	3	4.726e-05	0.0379
"8:67404581-67404675"	95	4	95	"C8orf46"	3	0.0001397	0.09667
"8:67579553-67579682"	130	3	130	"VCPIP1"	3	0.001465	0.5157
"8:86375430-86375560"	131	3	131	"CA2"	2	0.1433	1
"8:87524020-87524070"	51	5	51	"CPNE3"	5	1.723e-07	0.0001785
"8:87757286-87757337"	52	3	52	"CNGB3"	3	0.001275	0.4743
"8:91096421-91096543"	123	3	123	"CALB1"	3	0.0004518	0.2422
"8:97272069-97272168"	100	3	100	"MTERFD1"	3	0.0003473	0.2
"8:101158656-101158764"	109	3	109	"FBXO43"	3	0.0007631	0.335
"8:103425674-103425737"	64	3	64	"UBR5"	3	0.0002642	0.162
"8:103426899-103427006"	108	3	108	"UBR5"	2	0.006609	0.9903
"8:105601522-105601678"	157	5	157	"RP11-127H5.1"	5	1.995e-05	0.0176
"8:109802123-109802228"	106	3	106	"TMEM74"	3	0.0003315	0.1935
"8:110373916-110374004"	89	3	89	"PKHD1L1"	3	0.001066	0.4243
"8:117887086-117887165"	80	3	60	"RAD21"	3	0.0001078	0.0774
"8:124428777-124428923"	147	3	147	"ATAD2"	3	0.003682	0.8324
"8:133774688-133774764"	77	11	77	"TMEM71"	11	5.618e-21	6.663e-18
"8:135726337-135726388"	52	4	52	"ZFAT"	4	9.108e-07	0.0009117
"8:143780231-143780301"	71	3	71	"LY6K"	3	0.0005819	0.2857
"8:143835309-143835392"	84	3	84	"LYPD2"	3	0.007874	1
"8:144623676-144623753"	78	3	78	"ZC3H3"	3	0.001745	0.5689
"8:144679613-144679674"	62	4	62	"EEF1D"	3	0.0003213	0.1899
"8:144795852-144795955"	104	3	104	"MAPK15"	3	0.0009141	0.3794
"8:144923382-144923461"	80	3	80	"NRBP2"	3	0.0002342	0.1489
"8:145562727-145562812"	86	3	86	"SCRT1"	3	0.0001987	0.1298
"9:840697-840749"	53	4	53	"DMRT1"	3	0.0002022	0.1316
"9:5889819-5889893"	75	3	75	"MLANA"	2	0.001938	0.6066
"9:5890557-5890607"	51	4	51	"MLANA"	4	1.077e-06	0.001073
"9:21799832-21799918"	87	3	87	"MTAP"	2	0.006624	0.9903
"9:32637783-32637925"	143	4	143	"TAF1L"	4	6.308e-05	0.04834
"9:34955303-34955354"	52	4	52	"KIAA1045"	4	1.052e-06	0.00105
"9:35959270-35959320"	51	3	51	"OR2S2"	3	4.605e-05	0.03712
"9:37420125-37420178"	54	10	54	"GRHPR"	10	2.355e-20	2.788e-17
"9:37422499-37422549"	51	3	51	"GRHPR"	3	0.0001337	0.09306
"9:37485822-37485903"	82	3	82	"POLR1E"	3	0.00011	0.07887
"9:38426423-38426480"	58	4	58	"IGFBPL1"	4	7.15e-07	0.0007214
"9:70916471-70916572"	102	3	102	"FOXD4L3"	3	0.0005274	0.2674
"9:70971470-70971540"	71	4	71	"PGM5"	3	0.0002441	0.1526
"9:70971671-70971792"	122	5	122	"PGM5"	4	0.0001247	0.08766
"9:74981952-74982053"	102	3	102	"ZFAND5"	3	0.001416	0.5075
"9:79522780-79522833"	54	3	54	"PRUNE2"	3	3.673e-05	0.03049
"9:82186525-82186603"	79	3	79	"TLE4"	3	0.0002423	0.1522
"9:84304545-84304621"	77	5	77	"TLE1"	4	3.426e-06	0.003296
"9:93407833-93407937"	105	3	105	"DIRAS2"	2	0.09615	1
"9:95528835-95528950"	116	3	116	"BICD2"	3	0.002039	0.626
"9:99147155-99147207"	53	4	53	"SLC35D2"	2	0.01255	1
"9:99209534-99209590"	57	6	57	"HABP4"	6	7.086e-11	7.979e-08
"9:99540786-99540838"	53	3	53	"ZNF510"	3	0.000185	0.123
"9:99616810-99616879"	70	3	70	"ZNF782"	3	8.336e-05	0.06185
"9:99617179-99617229"	51	3	51	"ZNF782"	3	1.3e-05	0.01184
"9:100686093-100686143"	51	3	51	"C9orf156"	3	2.752e-05	0.02356
"9:100882055-100882125"	71	4	71	"TRIM14"	3	0.0001917	0.1261
"9:104501339-104501401"	63	10	63	"GRIN3A"	10	5.021e-18	5.915e-15
"9:107368192-107368242"	51	6	51	"OR13C2"	6	1.902e-10	2.126e-07
"9:111621089-111621158"	70	8	70	"ACTL7B"	8	3.655e-14	4.247e-11
"9:116843518-116843619"	102	3	102	"AMBP"	2	0.09593	1
"9:117268959-117269017"	59	6	59	"DFNB31"	6	2.298e-11	2.611e-08
"9:123344174-123344226"	53	4	53	"CDK5RAP2"	2	0.001069	0.4244
"9:125314329-125314379"	51	3	51	"OR1N2"	3	7.607e-05	0.05698
"9:125394711-125394825"	115	3	104	"OR1B1"	3	0.001501	0.5238
"9:126771692-126771757"	66	3	66	"LHX2"	2	0.004403	0.885
"9:129086787-129086843"	57	3	57	"MVB12B"	3	0.0001675	0.1134
"9:130372336-130372388"	53	4	53	"STXBP1"	2	0.003747	0.8393
"9:130892741-130892805"	65	4	65	"PTGES2"	3	3.834e-05	0.03155
"9:135456866-135456962"	97	3	97	"BARHL1"	3	0.0004718	0.2482
"9:138410267-138410317"	51	3	34	"LCN1"	3	7.391e-05	0.05543
"9:138411049-138411103"	55	5	55	"LCN1"	3	3.367e-05	0.02815
"9:138436441-138436538"	98	3	98	"OBP2A"	3	0.0003658	0.2096
"9:140475885-140476026"	142	4	142	"DPH7"	3	0.001561	0.5323
"10:13626935-13626990"	56	4	56	"PRPF18"	4	3.182e-06	0.003067
"10:14374741-14374832"	92	3	92	"FRMD4A"	3	0.0001049	0.07542
"10:16566914-16566994"	81	4	81	"C1QL3"	2	0.003082	0.7828
"10:26726575-26726674"	100	3	100	"APBB1IP"	3	0.01227	1
"10:27389472-27389591"	120	4	120	"ANKRD26"	4	0.0004917	0.2557
"10:27530735-27530806"	72	3	72	"ACBD5"	2	0.002553	0.7148
"10:28035889-28035939"	51	3	51	"MKX"	3	0.000778	0.3397
"10:29577869-29577949"	81	3	81	"LYZL1"	2	0.0668	1
"10:35894150-35894236"	87	3	87	"GJD4"	3	0.005563	0.9482
"10:36812515-36812612"	98	3	98	"NAMPTL"	2	0.0035	0.8298
"10:36813033-36813100"	68	6	68	"NAMPTL"	3	4.648e-05	0.03742
"10:37414606-37414665"	60	3	60	"ANKRD30A"	3	0.0002667	0.1627
"10:37892268-37892370"	103	3	103	"MTRNR2L7"	3	0.001338	0.4951
"10:37892987-37893048"	62	3	62	"MTRNR2L7"	2	0.006493	0.9887
"10:37893050-37893100"	51	3	51	"MTRNR2L7"	3	1.82e-05	0.01616
"10:37894250-37894355"	106	3	106	"MTRNR2L7"	3	0.0004853	0.2538
"10:43764976-43765063"	88	3	88	"RASGEF1A"	2	0.02651	1
"10:44101328-44101416"	89	3	89	"ZNF485"	3	0.004985	0.9123
"10:47083143-47083250"	108	4	108	"NPY4R"	4	2.497e-05	0.02155
"10:47744151-47744201"	51	10	51	"ANXA8L2"	10	2.26e-20	2.678e-17
"10:47745909-47745959"	51	3	51	"ANXA8L2"	3	0.0002039	0.1323
"10:48418423-48418520"	98	3	98	"GDF2"	3	0.0002088	0.1347
"10:51746318-51746371"	54	3	54	"AGAP6"	3	4.783e-06	0.004539
"10:57356860-57357041"	182	5	182	"MTRNR2L5"	5	0.0002488	0.155
"10:62150493-62150549"	57	3	57	"ANK3"	3	0.001665	0.5544
"10:71335505-71335611"	107	6	107	"NEUROG3"	6	2.178e-09	2.398e-06
"10:72573626-72573697"	72	3	72	"SGPL1"	3	3.425e-05	0.02856
"10:74031287-74031338"	52	4	52	"DDIT4"	4	3.849e-07	0.0003922
"10:82050017-82050086"	70	6	70	"MAT1A"	6	1.786e-11	2.034e-08
"10:85953099-85953156"	58	3	58	"CDHR1"	2	0.00568	0.9592
"10:85987665-85987773"	109	4	109	"LRIT2"	4	9.089e-06	0.008426
"10:91061354-91061431"	78	9	78	"IFIT2"	5	1.137e-08	1.227e-05
"10:91152201-91152305"	105	5	102	"IFIT1"	4	1.895e-06	0.001844
"10:94352372-94352422"	51	3	51	"KIF11"	3	5.571e-05	0.04407
"10:97202255-97202305"	51	3	51	"SORBS1"	3	5.365e-06	0.00507
"10:99076891-99076942"	52	3	52	"FRAT1"	3	9.325e-05	0.06817
"10:99078938-99079037"	100	3	84	"FRAT1"	2	0.007163	1
"10:100995670-100995747"	78	3	78	"HPSE2"	3	6.388e-05	0.04874
"10:102222421-102222471"	51	11	51	"WNT8B"	11	1.062e-21	1.261e-18
"10:108926656-108926761"	106	3	106	"SORCS1"	3	0.000196	0.1284
"10:118035715-118035767"	53	4	53	"GFRA1"	2	0.001715	0.5608
"10:118187220-118187300"	81	3	81	"PNLIPRP3"	3	0.000245	0.1529
"10:127582503-127582591"	89	3	89	"FANK1"	2	0.003635	0.8298
"10:127582770-127582825"	56	3	56	"FANK1"	2	0.004157	0.8688
"10:127583025-127583128"	104	5	104	"FANK1"	5	1.231e-06	0.001221
"10:127584319-127584430"	112	4	112	"FANK1"	4	1.512e-05	0.01364
"10:127584494-127584608"	115	11	115	"FANK1"	11	4.155e-16	4.861e-13
"10:127584886-127585008"	123	3	123	"FANK1"	3	0.0004248	0.2315
"10:133797176-133797287"	112	3	112	"BNIP3"	3	0.0003849	0.2157
"10:135050761-135050855"	95	3	95	"VENTX"	3	0.0002877	0.1733
"11:190077-190165"	89	13	86	"SCGB1C1"	10	8.4e-18	9.878e-15
"11:190256-190320"	65	6	65	"SCGB1C1"	5	2.176e-07	0.0002241
"11:191170-191266"	97	8	97	"SCGB1C1"	7	6.728e-10	7.448e-07
"11:191366-191551"	186	8	186	"SCGB1C1"	7	9.05e-09	9.801e-06
"11:574153-574250"	98	9	98	"PHRF1"	7	4.723e-10	5.257e-07
"11:1631443-1631496"	54	3	54	"KRTAP5-3"	2	0.0009821	0.3987
"11:1645587-1645662"	76	3	76	"KRTAP5-4"	3	0.0002547	0.1577
"11:3241168-3241218"	51	4	51	"MRGPRG"	4	1.65e-06	0.001615
"11:5248816-5248892"	77	3	77	"HBB"	3	0.000113	0.08057
"11:5773118-5773221"	104	3	104	"OR52N4"	3	0.0003779	0.2135
"11:5879903-5879955"	53	3	53	"OR52E8"	3	0.00136	0.4991
"11:6049154-6049255"	102	5	102	"OR56A1"	4	7.335e-06	0.006844
"11:9594212-9594266"	55	3	55	"WEE1"	2	0.0006535	0.3
"11:18036766-18036818"	53	8	53	"SERGEF"	7	6.037e-12	6.918e-09
"11:18036822-18036874"	53	4	53	"SERGEF"	3	1.771e-05	0.01574
"11:18610252-18610329"	78	3	65	"UEVLD"	3	0.000438	0.2374
"11:18958645-18958713"	69	3	69	"MRGPRX1"	3	0.0006136	0.2914
"11:30602351-30602445"	95	3	95	"MPPED2"	3	0.000747	0.3315
"11:32850772-32850834"	63	3	63	"PRRG4"	2	0.01142	1
"11:35548523-35548573"	51	3	51	"PAMR1"	3	2.115e-05	0.01853
"11:43333353-43333431"	79	3	79	"API5"	3	0.0005854	0.2859
"11:44334393-44334447"	55	3	55	"ALX4"	3	0.0001314	0.09185
"11:46401479-46401542"	64	3	64	"MDK"	3	7.337e-05	0.05525
"11:47277066-47277170"	105	3	105	"NR1H3"	2	0.01042	1
"11:47447980-47448064"	85	3	76	"PSMC3"	3	0.0001042	0.07502
"11:48343479-48343566"	88	3	74	"OR4C3"	2	0.0005638	0.2785
"11:48346216-48346337"	122	3	122	"OR4C3"	3	0.001565	0.5323
"11:49233090-49233144"	55	3	55	"FOLH1"	3	8.273e-05	0.06147
"11:55027713-55027791"	79	3	79	"TRIM48"	3	0.0005009	0.257
"11:55027820-55027935"	116	3	116	"TRIM48"	3	0.0006193	0.2929
"11:55107715-55107825"	111	4	111	"OR4A16"	4	0.0001201	0.08503
"11:55108213-55108271"	59	4	59	"OR4A16"	4	2.477e-07	0.0002546
"11:55108287-55108346"	60	7	60	"OR4A16"	7	1.416e-13	1.638e-10
"11:55108427-55108492"	66	4	66	"OR4A16"	4	1.652e-06	0.001616
"11:55109381-55109484"	104	3	104	"OR4A16"	3	0.001018	0.4103
"11:55133635-55133753"	119	6	119	"OR4A15"	5	2.98e-06	0.002876
"11:55134356-55134406"	51	3	51	"OR4A15"	3	0.0003302	0.1935
"11:55135241-55135340"	100	3	100	"OR4A15"	3	0.001402	0.5075
"11:55318894-55318982"	89	3	89	"OR4C15"	3	0.0005617	0.278
"11:55319766-55319834"	69	4	69	"OR4C15"	3	0.001001	0.4044
"11:55339267-55339336"	70	3	70	"OR4C16"	3	0.0002951	0.1768
"11:55403768-55403872"	105	3	105	"OR4P4"	3	0.001446	0.5119
"11:55415785-55415929"	145	3	145	"OR4S2"	3	0.01211	1
"11:55586835-55586963"	129	3	129	"OR5D18"	3	0.003919	0.8474
"11:55592261-55592347"	87	3	87	"OR5L2"	3	0.00119	0.4566
"11:55705994-55706095"	102	3	102	"OR5I1"	3	0.001824	0.5837
"11:55738209-55738332"	124	4	124	"OR10AG1"	4	0.0001578	0.1075
"11:55870286-55870416"	131	3	131	"OR8H2"	3	0.0003919	0.2179
"11:55889073-55889171"	99	3	99	"OR8H3"	3	0.002671	0.734
"11:55941916-55942007"	92	3	92	"OR5J2"	3	0.0001512	0.1036
"11:56003158-56003271"	114	4	114	"OR5T2"	4	0.0001224	0.08641
"11:56016953-56017042"	90	3	90	"OR5T3"	3	2.451e-05	0.02123
"11:56060745-56060801"	57	3	57	"OR8H1"	3	0.0001327	0.09249
"11:56140613-56140738"	126	3	126	"OR8U1"	3	0.0005948	0.2873
"11:56141073-56141161"	89	3	89	"OR8U1"	3	0.0001366	0.09494
"11:56141835-56141906"	72	3	72	"OR8U1"	3	0.0002659	0.1625
"11:56186978-56187075"	98	3	98	"OR5R1"	2	0.01633	1
"11:56347129-56347261"	133	3	133	"OR5M10"	3	0.0006619	0.3032
"11:56412528-56412651"	124	3	124	"OR5AP2"	3	0.00323	0.803
"11:56466084-56466189"	106	3	106	"OR9G1"	2	0.01873	1
"11:57309558-57309613"	56	3	56	"SMTNL1"	3	2.103e-05	0.01844
"11:57425019-57425126"	108	3	108	"CLP1"	3	0.0004537	0.2426
"11:57973005-57973055"	51	3	51	"OR1S2"	3	4.504e-05	0.03639
"11:57973130-57973180"	51	4	51	"OR1S2"	4	4.066e-07	0.0004135
"11:57973439-57973529"	91	4	91	"OR1S2"	4	1.198e-05	0.01096
"11:57973811-57973861"	51	3	51	"OR1S2"	3	3.846e-05	0.03161
"11:57974175-57974258"	84	4	84	"OR1S2"	3	0.0005773	0.284
"11:57979637-57979715"	79	4	79	"OR1S1"	3	0.000464	0.2459
"11:57979921-57979971"	51	5	51	"OR1S1"	5	1.855e-08	1.99e-05
"11:57979986-57980229"	244	21	244	"OR1S1"	15	8.434e-20	9.977e-17
"11:57980826-57980935"	110	10	110	"OR1S1"	8	1.941e-12	2.232e-09
"11:57981300-57981350"	51	3	51	"OR1S1"	3	5.323e-05	0.04226
"11:58614489-58614619"	131	4	131	"GLYATL2"	4	6.55e-05	0.04978
"11:58981982-58982051"	70	3	70	"MPEG1"	2	0.005731	0.9592
"11:59269592-59269706"	115	3	115	"OR4D11"	3	0.002836	0.7515
"11:59384279-59384331"	53	3	53	"OSBP"	2	0.00226	0.6666
"11:60000139-60000245"	107	3	107	"MS4A4E"	3	0.003224	0.803
"11:60100956-60101071"	116	3	116	"MS4A6E"	3	0.0007408	0.3315
"11:60222647-60222723"	77	3	77	"MS4A1"	3	0.0002417	0.152
"11:62609087-62609245"	159	8	159	"WDR74"	8	1.662e-10	1.86e-07
"11:62609302-62609354"	53	5	53	"WDR74"	5	7.605e-08	7.97e-05
"11:62785829-62785879"	51	5	51	"SLC22A8"	5	4.492e-09	4.896e-06
"11:64614068-64614165"	98	3	98	"CDC42BPG"	3	0.001409	0.5075
"11:65151224-65151274"	51	3	51	"FRMD8"	3	6.497e-05	0.04951
"11:65818084-65818137"	54	12	54	"SF3B2"	7	1.11e-12	1.28e-09
"11:67181258-67181308"	51	3	51	"CARNS1"	3	7.316e-05	0.05516
"11:67771601-67771705"	105	4	105	"UNC93B1"	4	6.94e-06	0.006489
"11:71274156-71274216"	61	4	61	"KRTAP5-10"	2	0.003667	0.8324
"11:71844637-71844687"	51	5	51	"FOLR3"	5	1.01e-07	0.0001054
"11:74457013-74457063"	51	3	51	"RNF169"	3	2.31e-05	0.0201
"11:75063017-75063067"	51	4	51	"ARRB1"	4	1.848e-06	0.0018
"11:89655622-89655699"	78	3	78	"TRIM49D1"	3	0.002092	0.636
"11:89657185-89657242"	58	3	58	"TRIM49D1"	3	1.327e-05	0.01206
"11:92084135-92084226"	92	4	92	"FAT3"	3	4.093e-05	0.03348
"11:102826722-102826779"	58	3	58	"MMP13"	3	4.546e-05	0.03669
"11:104973870-104973936"	67	11	67	"CARD17"	7	1.177e-12	1.356e-09
"11:107328651-107328767"	117	3	117	"CWF19L2"	3	0.01463	1
"11:107732252-107732340"	89	3	89	"SLC35F2"	3	0.003536	0.8298
"11:107798927-107799039"	113	3	113	"RAB39A"	3	0.01486	1
"11:123615158-123615282"	125	3	125	"ZNF202"	3	0.00342	0.8298
"11:123775145-123775240"	96	3	96	"OR8D4"	3	0.0003305	0.1935
"11:123808575-123808683"	109	3	109	"OR4D5"	3	0.0003446	0.1988
"11:123850736-123850832"	97	3	97	"OR10S1"	3	0.0007799	0.3397
"11:124191504-124191580"	77	3	77	"OR8D2"	3	0.0001491	0.1024
"11:124295902-124296046"	145	4	145	"OR8B4"	4	1.463e-05	0.01324
"11:124297607-124297657"	51	5	51	"OR8B4"	5	7.527e-09	8.159e-06
"11:124312910-124313001"	92	4	92	"OR8B8"	4	3.039e-05	0.02565
"11:124480276-124480398"	123	3	123	"PANX3"	3	0.001532	0.529
"11:125933164-125933273"	110	3	86	"CDON"	3	0.0001456	0.1002
"11:128761301-128761359"	59	10	59	"KCNJ5"	7	1.075e-13	1.246e-10
"11:131779195-131779291"	97	3	97	"NTM"	3	0.005203	0.9351
"11:133717129-133717179"	51	6	51	"SPATA19"	6	2.105e-11	2.395e-08
"11:134199484-134199534"	51	3	51	"GLB1L2"	3	4.378e-05	0.03551
"12:861575-861635"	61	4	61	"WNK1"	4	1.548e-05	0.01393
"12:1100091-1100141"	51	3	51	"ERC1"	3	1.552e-05	0.01395
"12:2114112-2114164"	53	3	53	"DCP1B"	3	0.0001928	0.1267
"12:3598973-3599046"	74	3	74	"PRMT8"	3	0.0001751	0.1178
"12:6799777-6799878"	102	4	102	"ZNF384"	3	0.0002635	0.1619
"12:10827459-10827521"	63	5	63	"STYK1"	5	1.809e-07	0.0001871
"12:11548830-11548931"	102	3	102	"PRB2"	2	0.03302	1
"12:13196465-13196549"	85	3	85	"KIAA1467"	3	0.001245	0.4665
"12:13349577-13349627"	51	3	51	"EMP1"	3	9.151e-05	0.06717
"12:20519923-20519977"	55	3	55	"PDE3A"	2	0.01593	1
"12:21488395-21488512"	118	3	118	"SLCO1A2"	3	0.0009505	0.3901
"12:25204075-25204125"	51	6	51	"LRMP"	6	3.143e-11	3.555e-08
"12:28126997-28127117"	121	5	121	"PTHLH"	5	1.252e-07	0.00013
"12:30851635-30851708"	74	6	74	"IPO8"	6	5.044e-08	5.326e-05
"12:34175074-34175166"	93	3	93	"ALG10"	2	0.02923	1
"12:38707913-38708007"	95	3	95	"ALG10B"	3	0.0009769	0.3976
"12:38710312-38710385"	74	3	68	"ALG10B"	3	0.0002034	0.1322
"12:42984718-42984819"	102	3	102	"PRICKLE1"	3	0.0001264	0.08861
"12:49365618-49365706"	89	4	89	"WNT10B"	4	7.377e-06	0.006875
"12:50794580-50794650"	71	3	71	"LARP4"	2	0.002784	0.747
"12:51817797-51817867"	71	3	71	"SLC4A8"	3	3.795e-05	0.03131
"12:52969164-52969264"	101	3	101	"KRT74"	3	0.0002978	0.1781
"12:53171485-53171566"	82	3	82	"KRT76"	2	0.003792	0.8393
"12:53626846-53626933"	88	4	88	"RARG"	4	4.128e-05	0.03368
"12:53660514-53660566"	53	3	53	"ESPL1"	3	0.0002426	0.1522
"12:53731838-53731919"	82	9	82	"SP7"	5	6.592e-08	6.928e-05
"12:53771567-53771623"	57	4	57	"SP1"	3	0.0001416	0.09785
"12:54717421-54717480"	60	5	60	"COPZ1"	3	5.024e-06	0.004758
"12:54940213-54940297"	85	3	85	"PDE1B"	3	0.0003239	0.1908
"12:55043129-55043179"	51	3	51	"DCD"	3	9.282e-05	0.06794
"12:55690511-55690614"	104	3	104	"OR6C6"	3	0.0001992	0.1299
"12:55713954-55714041"	88	3	88	"OR6C1"	3	0.0001766	0.1187
"12:55723171-55723260"	90	4	90	"OR6C3"	4	2.023e-05	0.0178
"12:56415051-56415101"	51	3	49	"IKZF4"	3	1.421e-06	0.001404
"12:56913591-56913643"	53	5	53	"RBMS2"	4	3.212e-07	0.0003289
"12:58029461-58029530"	70	3	70	"B4GALNT1"	2	0.07593	1
"12:68553593-68553680"	88	3	88	"IFNG"	3	0.001863	0.5943
"12:68555180-68555233"	54	3	54	"IFNG"	2	0.006832	0.9971
"12:68648233-68648339"	107	4	107	"IL22"	3	6.129e-05	0.04714
"12:75907276-75907375"	100	3	100	"KRR1"	2	0.009818	1
"12:76955071-76955167"	97	3	97	"OSBPL8"	3	0.0007591	0.3342
"12:78224925-78225018"	94	3	94	"NAV3"	3	3.014e-05	0.02547
"12:81110442-81110585"	144	3	144	"MYF5"	3	0.01901	1
"12:85672666-85672778"	113	3	113	"ALX1"	3	0.002241	0.666
"12:87233671-87233774"	104	3	104	"MGAT4C"	3	0.001763	0.5712
"12:92537873-92537961"	89	8	89	"C12orf79"	4	4.658e-06	0.004425
"12:100964973-100965080"	108	3	108	"GAS2L3"	3	0.00152	0.529
"12:100965820-100965918"	99	3	99	"GAS2L3"	3	0.0001633	0.1109
"12:101671686-101671790"	105	3	105	"UTP20"	3	0.002686	0.734
"12:101672011-101672063"	53	4	53	"UTP20"	4	1.127e-06	0.00112
"12:104848054-104848153"	100	3	100	"CHST11"	3	0.007766	1
"12:105480296-105480352"	57	4	57	"ALDH1L2"	3	3.089e-05	0.02598
"12:108908876-108909000"	125	3	125	"FICD"	3	0.002913	0.7582
"12:113910243-113910335"	93	3	93	"LHX5"	3	0.0004806	0.2518
"12:118454453-118454535"	83	3	62	"RFC5"	3	0.003553	0.8298
"12:121477326-121477414"	89	4	89	"OASL"	4	3.885e-06	0.00371
"12:121837728-121837825"	98	4	98	"RNF34"	4	2.449e-05	0.02123
"12:122149824-122149875"	52	4	52	"TMEM120B"	4	2.395e-05	0.02081
"12:124086058-124086110"	53	5	53	"DDX55"	3	1.745e-05	0.01556
"12:128749514-128749621"	108	4	108	"TMEM132C"	4	0.0004158	0.2276
"12:129337784-129337857"	74	3	74	"GLT1D1"	2	0.008007	1
"13:21140756-21140900"	145	3	145	"IFT88"	3	0.02506	1
"13:21275131-21275227"	97	4	97	"IL17D"	4	1.744e-05	0.01556
"13:25945439-25945545"	107	4	107	"ATP8A2"	4	8.921e-06	0.008279
"13:28365339-28365433"	95	3	95	"GSX1"	2	0.08765	1
"13:36874547-36874604"	58	4	58	"CCDC169-SOHLH2"	3	9.184e-05	0.06732
"13:41635052-41635108"	57	3	57	"WBP4"	3	7.136e-05	0.05388
"13:49821947-49822044"	98	3	98	"CDADC1"	3	0.01138	1
"13:53424832-53424928"	97	3	97	"PCDH8"	3	0.01021	1
"13:76113927-76113987"	61	3	61	"COMMD6"	2	0.006167	0.9682
"13:76114451-76114504"	54	3	54	"COMMD6"	3	8.655e-05	0.06405
"13:76121257-76121370"	114	3	114	"UCHL3"	3	0.0007797	0.3397
"13:78495526-78495609"	84	3	84	"EDNRB"	3	0.001699	0.559
"13:79178046-79178123"	78	3	78	"POU4F1"	3	0.001166	0.4524
"13:79981601-79981704"	104	3	104	"RBM26"	2	0.1007	1
"13:108519263-108519368"	106	3	106	"FAM155A"	3	0.0005115	0.2604
"13:108520939-108521060"	122	4	122	"FAM155A"	4	0.001102	0.4353
"13:111971176-111971291"	116	3	116	"TEX29"	3	0.0004534	0.2426
"13:113622405-113622457"	53	6	53	"MCF2L"	3	8.78e-05	0.06462
"13:114018915-114018983"	69	3	69	"GRTP1"	3	0.00317	0.7957
"13:114320542-114320628"	87	3	87	"GRK1"	3	0.006394	0.9847
"14:19376170-19376220"	51	3	51	"OR11H12"	3	1.84e-05	0.01632
"14:19376517-19376618"	102	3	102	"OR11H12"	3	0.002039	0.626
"14:19376655-19376714"	60	3	60	"OR11H12"	3	0.0005032	0.2572
"14:20213091-20213189"	99	3	99	"OR4Q3"	3	0.0005493	0.2741
"14:20293721-20293844"	124	3	124	"OR4N2"	3	0.0003424	0.1982
"14:20295158-20295259"	102	3	102	"OR4N2"	2	0.02058	1
"14:20341724-20341828"	105	3	105	"OR4K2"	3	5.82e-05	0.04551
"14:20385994-20386081"	88	3	88	"OR4K5"	3	0.000601	0.2885
"14:20401037-20401102"	66	4	66	"OR4K1"	3	6.518e-05	0.0496
"14:20443331-20443410"	80	3	80	"OR4K15"	2	0.00602	0.962
"14:20709460-20709529"	70	3	70	"OR11H4"	3	0.002522	0.7087
"14:23297490-23297592"	103	3	103	"MRPL52"	2	0.0089	1
"14:23401409-23401467"	59	4	59	"PRMT5"	4	9.582e-08	0.0001001
"14:24588362-24588415"	54	4	54	"RP11-468E2.6"	2	0.001136	0.4457
"14:24836032-24836127"	96	3	85	"NFATC4"	3	0.0002061	0.1333
"14:34932108-34932162"	55	3	55	"SPTSSA"	3	1.137e-05	0.01045
"14:36279320-36279404"	85	3	85	"RALGAPA1"	2	0.02084	1
"14:45724673-45724797"	125	3	125	"MIS18BP1"	3	0.0006369	0.2974
"14:47121217-47121349"	133	4	133	"RPL10L"	3	0.004371	0.8829
"14:51337676-51337769"	94	3	94	"ABHD12B"	2	0.00926	1
"14:52734366-52734462"	97	3	97	"PTGDR"	2	0.03426	1
"14:72398396-72398517"	122	3	122	"RGS6"	3	0.004078	0.8648
"14:73926455-73926505"	51	5	51	"NUMB"	5	6.303e-08	6.643e-05
"14:75422844-75422910"	67	3	67	"PGF"	2	0.04081	1
"14:77787144-77787217"	74	3	74	"GSTZ1"	2	0.006945	0.9971
"14:78868775-78868831"	57	3	57	"NRXN3"	2	0.002252	0.6666
"14:90721715-90721780"	66	3	66	"PSMC1"	2	0.002959	0.7634
"14:92572987-92573043"	57	3	57	"ATXN3"	3	0.001144	0.4462
"14:94985985-94986085"	101	4	101	"SERPINA12"	4	1.237e-06	0.001226
"14:94986413-94986523"	111	3	111	"SERPINA12"	2	0.09944	1
"14:101296696-101296746"	51	3	51	"AL117190.2"	3	0.0004028	0.2223
"14:105936437-105936493"	57	4	57	"CRIP2"	2	0.004455	0.8865
"15:22366739-22366811"	73	3	73	"OR4M2"	3	0.0002536	0.1575
"15:22366930-22366986"	57	10	57	"OR4M2"	10	7.284e-18	8.573e-15
"15:22367133-22367261"	129	4	129	"OR4M2"	4	0.000185	0.123
"15:22380525-22380615"	91	3	91	"OR4N4"	3	0.0003745	0.2123
"15:22381780-22381882"	103	4	103	"OR4N4"	4	2.476e-05	0.02139
"15:22381979-22382091"	113	4	113	"OR4N4"	4	2.241e-05	0.01959
"15:22382275-22382379"	105	3	105	"OR4N4"	3	0.002387	0.6898
"15:22455720-22455819"	100	3	95	"AC010760.1"	2	0.007776	1
"15:22735464-22735517"	54	6	54	"GOLGA6L1"	6	1.451e-12	1.67e-09
"15:22831298-22831371"	74	3	74	"TUBGCP5"	3	1.226e-05	0.01121
"15:23253370-23253488"	119	3	119	"GOLGA8I"	2	0.007833	1
"15:23253548-23253640"	93	3	93	"GOLGA8I"	3	0.0001101	0.07887
"15:23892285-23892373"	89	4	89	"MAGEL2"	4	5.812e-06	0.005475
"15:26110650-26110741"	92	3	92	"ATP10A"	3	0.0005307	0.2682
"15:28346233-28346348"	116	3	116	"OCA2"	2	0.02566	1
"15:28347118-28347194"	77	3	77	"OCA2"	3	0.0008983	0.3775
"15:35047288-35047422"	135	4	135	"GJD2"	4	0.0002508	0.156
"15:35048764-35048863"	100	3	100	"GJD2"	3	0.009695	1
"15:37393512-37393564"	53	3	53	"MEIS2"	3	3.933e-05	0.03225
"15:40601040-40601157"	118	4	118	"PLCB2"	3	0.0003044	0.1811
"15:42650605-42650658"	54	3	54	"CAPN3"	3	1.91e-05	0.01688
"15:44084345-44084439"	95	3	95	"SERF2"	3	0.0004006	0.2215
"15:44580581-44580665"	85	3	85	"CASC4"	2	0.002669	0.734
"15:44580735-44580827"	93	4	93	"CASC4"	3	0.0008697	0.3722
"15:48621774-48621853"	80	3	80	"DUT"	2	0.004273	0.8688
"15:49461273-49461343"	71	9	71	"GALK2"	5	2.059e-08	2.201e-05
"15:52863047-52863180"	134	3	134	"ARPP19"	3	0.001186	0.4566
"15:56210386-56210488"	103	3	103	"NEDD4"	2	0.00189	0.6004
"15:59902400-59902479"	80	5	80	"GCNT3"	3	5.447e-05	0.04319
"15:60691302-60691352"	51	5	51	"ANXA2"	5	2.491e-08	2.655e-05
"15:63413058-63413135"	78	5	78	"LACTB"	5	6.436e-08	6.777e-05
"15:64679539-64679623"	85	5	85	"TRIP4"	4	1.392e-05	0.01261
"15:66086807-66086968"	162	4	162	"DENND4A"	4	0.002118	0.6396
"15:69743782-69743904"	123	3	123	"RPLP1"	3	0.00343	0.8298
"15:71055919-71055987"	69	3	55	"UACA"	3	0.0006443	0.2997
"15:72690382-72690487"	106	3	106	"TMEM202"	2	0.1131	1
"15:78370111-78370169"	59	3	59	"TBC1D2B"	3	0.0003906	0.2176
"15:78580641-78580712"	72	3	72	"WDR61"	2	0.002424	0.6898
"15:84115202-84115312"	111	3	111	"SH3GL3"	2	0.0349	1
"15:85922093-85922143"	51	3	51	"AKAP13"	3	1.312e-05	0.01194
"15:90118557-90118687"	131	3	131	"TICRR"	3	0.001131	0.4456
"16:69792-69854"	63	8	63	"WASH4P"	5	4.304e-09	4.696e-06
"16:1120128-1120183"	56	3	56	"SSTR5"	3	0.0005592	0.2779
"16:2730200-2730258"	59	4	59	"KCTD5"	3	0.001244	0.4665
"16:2838375-2838425"	51	3	51	"PRSS33"	3	0.0001832	0.1222
"16:3331388-3331490"	103	3	103	"ZNF263"	2	0.01596	1
"16:12897958-12898021"	64	3	64	"CPPED1"	3	0.0001957	0.1284
"16:12993658-12993759"	102	3	102	"SHISA9"	2	0.01311	1
"16:16325930-16325980"	51	3	51	"NOMO3"	3	5.043e-05	0.04019
"16:20087666-20087737"	72	3	72	"GPR139"	3	0.004924	0.9116
"16:20419638-20419724"	87	3	87	"ACSM5"	2	0.07466	1
"16:27323216-27323309"	94	3	94	"IL4R"	3	0.0008922	0.3775
"16:28508458-28508541"	84	3	84	"CLN3"	2	0.008975	1
"16:46655725-46655775"	51	4	51	"SHCBP1"	4	4.251e-07	0.0004319
"16:47008926-47008985"	60	9	60	"DNAJA2"	5	2.09e-08	2.232e-05
"16:51187949-51188054"	106	3	106	"SALL1"	3	0.007413	1
"16:55868448-55868501"	54	4	54	"CES1"	2	0.01112	1
"16:57319561-57319613"	53	5	53	"PLLP"	4	6.897e-06	0.006456
"16:57405117-57405220"	104	3	104	"CX3CL1"	3	0.0004937	0.2557
"16:66733358-66733412"	55	3	55	"CMTM4"	3	5.142e-05	0.04088
"16:69761747-69761852"	106	4	106	"NQO1"	4	2.248e-05	0.01963
"16:69789297-69789347"	51	8	51	"NOB1"	8	1.184e-14	1.378e-11
"16:70301652-70301702"	51	3	51	"AARS"	3	1.663e-05	0.01488
"16:70557518-70557568"	51	6	51	"SF3B3"	6	5.664e-11	6.389e-08
"16:74409057-74409129"	73	3	73	"NPIPB15"	3	5.9e-05	0.04584
"16:74456128-74456218"	91	3	91	"CLEC18B"	3	0.0003922	0.2179
"16:74458136-74458199"	64	3	64	"CLEC18B"	3	2.661e-05	0.02286
"16:75021495-75021574"	80	4	80	"WDR59"	3	0.00387	0.8437
"16:75591326-75591376"	51	3	51	"TMEM231"	3	1.657e-06	0.001619
"16:77470251-77470315"	65	3	65	"ADAMTS18"	2	0.001414	0.5075
"16:78131610-78131684"	75	3	75	"WWOX"	3	0.0009021	0.378
"16:78132329-78132383"	55	3	55	"WWOX"	3	2.742e-06	0.002654
"16:86598272-86598322"	51	3	51	"FOXC2"	3	4.431e-05	0.03585
"17:658097-658147"	51	4	51	"GEMIN4"	4	6.395e-07	0.0006465
"17:1533773-1533826"	54	9	54	"SLC43A2"	9	1.078e-19	1.274e-16
"17:4699223-4699298"	76	3	76	"PSMB6"	2	0.05516	1
"17:6340957-6341067"	111	3	111	"AIPL1"	3	0.0003845	0.2157
"17:6916004-6916069"	66	6	66	"AC027763.2"	3	4.256e-05	0.03464
"17:6937482-6937537"	56	5	56	"SLC16A13"	5	8.128e-08	8.51e-05
"17:7142810-7142860"	51	4	51	"PHF23"	4	9.225e-09	9.972e-06
"17:7756855-7756957"	103	7	103	"TMEM88"	4	5.887e-05	0.04581
"17:8337501-8337561"	61	3	61	"NDEL1"	3	0.0004777	0.2508
"17:9728343-9728460"	118	3	118	"RP11-477N12.3"	3	0.005296	0.9374
"17:9728343-9728460"	118	3	118	"GLP2R"	3	0.005296	0.9374
"17:9810771-9810859"	89	3	89	"RCVRN"	3	0.005717	0.9592
"17:16284322-16284430"	109	4	109	"UBB"	4	0.0001778	0.1193
"17:16557168-16557220"	53	3	53	"ZNF624"	2	0.01056	1
"17:27369755-27369805"	51	3	51	"PIPOX"	3	1.64e-05	0.01469
"17:28804302-28804355"	54	3	54	"GOSR1"	2	0.004665	0.9025
"17:33523786-33523839"	54	4	54	"SLC35G3"	3	2.27e-05	0.01979
"17:34124131-34124183"	53	3	53	"MMP28"	3	1.54e-05	0.01388
"17:36105055-36105162"	108	3	108	"HNF1B"	3	0.001628	0.5467
"17:36350140-36350228"	89	4	89	"TBC1D3"	4	1.763e-05	0.01569
"17:36908149-36908240"	92	3	92	"PCGF2"	3	0.0007291	0.3274
"17:37025418-37025480"	63	11	63	"LASP1"	11	2.029e-19	2.396e-16
"17:37765260-37765310"	51	3	51	"NEUROD2"	3	1.138e-05	0.01045
"17:39144675-39144748"	74	13	74	"KRT40"	11	2.277e-19	2.687e-16
"17:39158146-39158198"	53	4	53	"KRTAP3-2"	3	5.704e-05	0.04493
"17:39255602-39255664"	63	6	63	"KRTAP4-8"	3	0.0001003	0.07264
"17:39255859-39255909"	51	4	51	"KRTAP4-8"	4	4.451e-06	0.004237
"17:39299021-39299110"	90	3	90	"KRTAP4-6"	3	0.001089	0.4312
"17:39325129-39325179"	51	3	51	"KRTAP4-3"	3	1.113e-05	0.01024
"17:39744115-39744170"	56	3	56	"KRT14"	2	0.003905	0.8474
"17:39945625-39945720"	96	7	96	"JUP"	7	8.338e-11	9.364e-08
"17:40335405-40335500"	96	4	96	"KCNH4"	4	9.742e-06	0.009021
"17:43223678-43223737"	60	3	60	"HEXIM1"	2	0.003419	0.8298
"17:43224134-43224216"	83	3	83	"HEXIM1"	2	0.06909	1
"17:44665982-44666032"	51	4	51	"NSF"	4	1.726e-07	0.0001786
"17:45769716-45769766"	51	3	51	"TBKBP1"	3	1.716e-05	0.01534
"17:45808094-45808211"	118	3	118	"TBX21"	3	0.0006446	0.2997
"17:46608640-46608712"	73	3	73	"HOXB1"	3	0.000381	0.2145
"17:46713773-46713830"	58	3	58	"HOXB7"	2	0.005726	0.9592
"17:46896617-46896667"	51	4	51	"TTLL6"	4	3.971e-07	0.0004042
"17:50238128-50238183"	56	6	56	"CA10"	5	9.064e-09	9.807e-06
"17:51897818-51897901"	84	3	84	"KIF2B"	3	0.0002647	0.162
"17:53044378-53044430"	53	3	53	"STXBP4"	3	3.211e-05	0.02694
"17:53341315-53341422"	108	3	108	"HLF"	3	0.001523	0.529
"17:55160414-55160481"	68	10	68	"AKAP1"	9	5.144e-16	6.013e-13
"17:56082689-56082739"	51	4	27	"RP11-159D12.5"	4	2.417e-07	0.0002487
"17:61820967-61821047"	81	8	81	"STRADA"	7	5.811e-10	6.444e-07
"17:61975472-61975561"	90	3	90	"CSH1"	3	0.0007197	0.3246
"17:61976146-61976217"	72	3	72	"CSH1"	3	0.0001877	0.1241
"17:61989757-61989823"	67	3	67	"CSHL1"	2	0.007168	1
"17:62011377-62011429"	53	6	53	"CD79B"	4	1.617e-06	0.001585
"17:64958985-64959035"	51	3	51	"CACNG4"	3	1.896e-05	0.01678
"17:65990557-65990678"	122	6	122	"C17orf58"	6	1.636e-08	1.757e-05
"17:66454579-66454629"	51	3	51	"WIPI1"	3	0.0003838	0.2157
"17:67059726-67059785"	60	8	60	"ABCA9"	8	1.002e-14	1.167e-11
"17:70116794-70116851"	58	5	58	"SOX9"	5	1.231e-07	0.000128
"17:72544030-72544128"	99	3	99	"CD300C"	3	0.000884	0.3775
"17:73179549-73179619"	71	3	71	"SUMO2"	3	0.0007408	0.3315
"17:76182722-76182791"	70	3	70	"AFMID"	3	6.205e-05	0.04765
"17:76183314-76183371"	58	5	58	"AFMID"	5	7.059e-09	7.659e-06
"17:76210180-76210252"	73	4	73	"BIRC5"	4	8.809e-06	0.008184
"17:76923077-76923135"	59	3	59	"TIMP2"	2	0.002235	0.666
"18:580020-580072"	53	6	53	"CETN1"	3	8.942e-05	0.06572
"18:13824060-13824126"	67	3	67	"MC5R"	2	0.0175	1
"18:14134800-14134894"	95	10	95	"ZNF519"	8	6.392e-14	7.421e-11
"18:14746064-14746169"	106	3	106	"ANKRD30B"	3	0.0006117	0.2912
"18:14746654-14746741"	88	3	88	"ANKRD30B"	3	0.0007774	0.3397
"18:33079960-33080034"	75	3	75	"INO80C"	2	0.004215	0.8688
"18:39535068-39535147"	80	3	80	"PIK3C3"	3	0.0005879	0.2863
"18:40697345-40697423"	79	3	79	"RIT2"	2	0.0119	1
"18:45460356-45460406"	51	3	51	"SMAD2"	3	3.239e-05	0.02714
"18:56296782-56296834"	53	3	53	"ALPK2"	3	0.0007105	0.3233
"18:56297787-56297875"	89	4	89	"ALPK2"	4	0.0001318	0.092
"18:61330064-61330153"	90	5	90	"SERPINB3"	5	1.074e-07	0.0001119
"18:70537720-70537828"	109	4	91	"NETO1"	4	0.0001261	0.08852
"19:916710-916760"	51	7	51	"KISS1R"	7	7.063e-14	8.193e-11
"19:1490956-1491063"	108	4	108	"PCSK4"	4	0.0005706	0.2813
"19:3572716-3572843"	128	5	128	"HMG20B"	4	7.063e-05	0.0534
"19:4151410-4151482"	73	3	73	"CREB3L3"	3	0.0001156	0.08212
"19:4724633-4724752"	120	3	120	"DPP9"	3	0.009708	1
"19:4791456-4791560"	105	3	105	"FEM1A"	3	0.001248	0.4665
"19:5343014-5343113"	100	3	100	"PTPRS"	2	0.008239	1
"19:5720206-5720313"	108	3	108	"CATSPERD"	3	0.0003716	0.2114
"19:6722083-6722137"	55	3	55	"C3"	3	7.371e-05	0.05543
"19:7586937-7587005"	69	3	69	"MCOLN1"	2	0.004689	0.9025
"19:7825777-7825875"	99	3	99	"CLEC4M"	3	0.0009398	0.3881
"19:9092191-9092243"	53	5	53	"MUC16"	5	4.382e-08	4.636e-05
"19:9203758-9203808"	51	3	51	"OR1M1"	3	0.000197	0.1288
"19:9611357-9611421"	65	3	65	"ZNF560"	2	0.006578	0.9903
"19:10343007-10343065"	59	3	59	"S1PR2"	3	6.851e-05	0.05195
"19:10514834-10514888"	55	4	55	"CDC37"	4	2.885e-06	0.00279
"19:10947066-10947168"	103	3	103	"TMED1"	3	0.008318	1
"19:14683265-14683315"	51	3	51	"NDUFB7"	3	6.011e-05	0.0464
"19:15238054-15238153"	100	3	100	"ILVBL"	3	0.0006474	0.2997
"19:15238766-15238886"	121	3	121	"ILVBL"	3	0.003434	0.8298
"19:15903161-15903216"	56	3	56	"OR10H5"	2	0.001987	0.614
"19:15920056-15920118"	63	3	63	"OR10H1"	3	2.811e-05	0.02401
"19:17800171-17800277"	107	3	107	"UNC13A"	3	0.0006211	0.2932
"19:18550404-18550459"	56	4	56	"ISYNA1"	4	2.653e-05	0.02282
"19:19432785-19432837"	53	3	53	"SUGP1"	3	3.203e-05	0.02691
"19:20749867-20749933"	67	5	67	"ZNF737"	5	1.372e-08	1.476e-05
"19:22034827-22034897"	71	3	67	"ZNF43"	2	0.006266	0.9712
"19:22232905-22233025"	121	3	121	"ZNF257"	3	0.001384	0.5052
"19:22382476-22382558"	83	4	83	"ZNF676"	3	0.001186	0.4566
"19:22467429-22467526"	98	3	98	"ZNF729"	3	0.001666	0.5544
"19:22815007-22815082"	76	3	76	"ZNF492"	3	0.0007399	0.3315
"19:22815930-22815988"	59	3	59	"ZNF492"	3	0.0001703	0.1148
"19:23433850-23433902"	53	3	53	"ZNF724P"	3	5.704e-05	0.04493
"19:23870538-23870620"	83	4	83	"ZNF675"	4	1.59e-06	0.00156
"19:24267406-24267504"	99	3	99	"ZNF254"	2	0.005195	0.9351
"19:30015579-30015696"	118	3	118	"VSTM2B"	3	0.002388	0.6898
"19:30300370-30300420"	51	4	51	"CCNE1"	4	1.241e-07	0.0001289
"19:32836158-32836210"	53	7	53	"ZNF507"	5	1.063e-07	0.0001109
"19:33182697-33182782"	86	3	86	"NUDT19"	3	0.005676	0.9592
"19:36606368-36606418"	51	6	51	"TBCB"	6	2.749e-10	3.068e-07
"19:36909645-36909755"	111	3	111	"ZFP82"	3	0.002804	0.7487
"19:37095682-37095757"	76	3	76	"ZNF382"	2	0.009729	1
"19:37096149-37096240"	92	3	72	"ZNF382"	3	0.0004956	0.2557
"19:37824438-37824552"	115	3	115	"HKR1"	2	0.008033	1
"19:38754963-38755031"	69	3	69	"SPINT2"	3	0.002854	0.7535
"19:38826159-38826211"	53	5	53	"CATSPERG"	4	2.488e-08	2.655e-05
"19:39926769-39926865"	97	3	97	"RPS16"	3	0.007955	1
"19:40033587-40033639"	53	7	53	"EID2"	7	2.681e-11	3.043e-08
"19:40501237-40501304"	68	4	68	"ZNF546"	4	2.65e-06	0.002572
"19:40734559-40734620"	62	4	62	"CNTD2"	3	1.935e-05	0.01709
"19:40971746-40971814"	69	3	67	"SPTBN4"	2	0.004492	0.8894
"19:41221752-41221802"	51	8	51	"ITPKC"	8	4.754e-15	5.548e-12
"19:41724645-41724718"	74	3	74	"AXL"	3	4.933e-05	0.03937
"19:42362466-42362528"	63	3	63	"RPS19"	3	1.38e-05	0.01252
"19:42489212-42489317"	106	3	95	"ATP1A3"	2	0.01327	1
"19:43773887-43773941"	55	3	55	"PSG9"	3	6.35e-05	0.04851
"19:44032186-44032277"	92	3	92	"ETHE1"	3	0.002641	0.7289
"19:44176224-44176301"	78	3	78	"PLAUR"	3	0.0009311	0.3855
"19:44488196-44488311"	116	3	116	"ZNF155"	3	0.0007862	0.3397
"19:44763408-44763461"	54	4	54	"ZNF233"	2	0.001579	0.5353
"19:45145829-45145881"	53	3	53	"PVR"	3	3.679e-05	0.0305
"19:45309957-45310008"	52	3	52	"BCAM"	3	0.0001681	0.1135
"19:46318653-46318705"	53	3	39	"RSPH6A"	3	0.0002151	0.1379
"19:46496326-46496396"	71	3	71	"CCDC61"	3	0.003139	0.7942
"19:47924138-47924226"	89	3	89	"MEIS3"	3	0.0003689	0.211
"19:48060072-48060196"	125	3	125	"ZNF541"	3	0.00053	0.2682
"19:48391996-48392123"	128	4	128	"SULT2A1"	4	0.0002364	0.1498
"19:48771901-48771953"	53	4	53	"ZNF114"	3	1.864e-05	0.01652
"19:49534277-49534341"	65	4	65	"CGB2"	3	5.554e-05	0.04399
"19:49541535-49541663"	129	4	129	"CGB1"	4	0.0003724	0.2115
"19:49542356-49542456"	101	4	101	"CGB1"	2	0.005809	0.9592
"19:49546755-49546832"	78	3	78	"CGB5"	2	0.003523	0.8298
"19:49552954-49553050"	97	3	97	"CGB8"	3	0.0004248	0.2315
"19:50269854-50269926"	73	4	73	"AP2A1"	4	0.0001242	0.08744
"19:50870779-50870829"	51	3	51	"NAPSA"	3	6.288e-06	0.0059
"19:51291711-51291821"	111	4	111	"ACPT"	3	0.007682	1
"19:51293114-51293196"	83	3	83	"ACPT"	3	0.0002987	0.1783
"19:51335219-51335311"	93	3	93	"KLK15"	3	0.0002129	0.1367
"19:51813610-51813684"	75	4	75	"IGLON5"	4	2.871e-05	0.02437
"19:52035374-52035436"	63	6	63	"SIGLEC6"	6	1.52e-09	1.675e-06
"19:52100310-52100440"	131	4	131	"AC018755.1"	4	0.0004653	0.2459
"19:52297643-52297744"	102	3	102	"FPR3"	3	0.002583	0.7156
"19:52643270-52643373"	104	5	104	"ZNF616"	5	5.17e-06	0.004891
"19:52771708-52771764"	57	3	57	"ZNF766"	2	0.001522	0.529
"19:52900359-52900443"	85	5	85	"ZNF528"	5	1.193e-07	0.0001242
"19:53606870-53606935"	66	3	66	"ZNF160"	2	0.01382	1
"19:54382680-54382817"	138	3	138	"PRKCG"	3	0.002807	0.7487
"19:54385070-54385237"	168	5	168	"PRKCG"	5	0.000259	0.1601
"19:54824783-54824837"	55	6	55	"LILRA5"	6	1.329e-10	1.488e-07
"19:54925048-54925102"	55	3	55	"TTYH1"	3	9.724e-05	0.07079
"19:55278308-55278373"	66	3	66	"KIR2DL1"	3	0.0005847	0.2859
"19:55849871-55849944"	74	3	74	"SUV420H2"	3	0.0001852	0.123
"19:55882272-55882322"	51	7	51	"IL11"	7	1.014e-11	1.158e-08
"19:55955198-55955256"	59	3	59	"SHISA7"	2	0.004741	0.9055
"19:56268111-56268173"	63	5	63	"RFPL4A"	3	9.395e-05	0.06858
"19:56632855-56632941"	87	4	87	"ZNF787"	4	1.177e-05	0.01079
"19:56741965-56742031"	67	6	67	"ZSCAN5A"	6	3.714e-11	4.193e-08
"19:57874561-57874641"	81	3	81	"ZNF547"	2	0.003538	0.8298
"19:58095118-58095234"	117	3	117	"ZIK1"	3	0.00375	0.8393
"19:58448284-58448335"	52	3	52	"ZNF418"	3	0.0001118	0.07994
"19:58568615-58568665"	51	3	51	"ZNF135"	3	5.912e-05	0.04588
"19:58631572-58631642"	71	3	71	"ZSCAN18"	2	0.01464	1
"20:305884-306002"	119	3	119	"SOX12"	3	0.004921	0.9116
"20:813640-813692"	53	3	53	"FAM110A"	2	0.0008937	0.3775
"20:898973-899115"	143	5	143	"ANGPT4"	4	0.001668	0.5544
"20:1373935-1374021"	87	3	87	"FKBP1A"	2	0.01162	1
"20:1602111-1602235"	125	3	125	"SIRPB1"	3	0.0005501	0.2741
"20:1639740-1639798"	59	3	59	"SIRPG"	3	0.000335	0.1946
"20:2631541-2631594"	54	5	54	"NOP56"	5	4.812e-09	5.24e-06
"20:2670620-2670687"	68	3	68	"EBF4"	2	0.05322	1
"20:4700188-4700275"	88	3	88	"PRND"	3	0.004795	0.9063
"20:5295799-5295890"	92	3	92	"PROKR2"	3	0.0007411	0.3315
"20:6104865-6104924"	60	4	60	"FERMT1"	3	0.0001419	0.09785
"20:13619667-13619730"	64	4	64	"TASP1"	4	3.337e-06	0.003214
"20:17549422-17549474"	53	8	53	"DSTN"	4	2.466e-05	0.02133
"20:17664422-17664472"	51	5	51	"RRBP1"	5	1.567e-08	1.685e-05
"20:21283661-21283741"	81	3	81	"XRN2"	2	0.002777	0.747
"20:23342174-23342264"	91	3	91	"GZF1"	2	0.09024	1
"20:23809081-23809186"	106	3	106	"CST2"	3	0.001411	0.5075
"20:23970841-23970911"	71	3	71	"GGTLC1"	3	0.0002624	0.1619
"20:29955884-29955976"	93	3	93	"DEFB118"	3	0.001777	0.574
"20:30223052-30223159"	108	3	108	"COX4I2"	3	0.0008641	0.3707
"20:31616777-31616859"	83	3	83	"BPIFB6"	2	0.03072	1
"20:32581026-32581085"	60	3	60	"RALY"	3	8.754e-05	0.0646
"20:35377192-35377250"	59	3	59	"NDRG3"	3	6.064e-05	0.04675
"20:37230346-37230399"	54	8	54	"ARHGAP40"	4	6.334e-07	0.0006416
"20:37377028-37377097"	70	3	57	"ACTR5"	2	0.01958	1
"20:41819109-41819212"	104	3	104	"PTPRT"	2	0.002252	0.6666
"20:43028195-43028274"	80	3	80	"HNF4A"	3	0.00105	0.42
"20:43371844-43371929"	86	4	86	"KCNK15"	3	0.0001556	0.1064
"20:56103032-56103117"	86	3	86	"CTCFL"	3	0.0001311	0.09177
"20:60757873-60757977"	105	3	105	"MTG2"	2	0.09338	1
"20:60943263-60943346"	84	3	84	"LAMA5"	3	0.001965	0.6092
"20:62490802-62490928"	127	4	127	"ABHD16B"	4	0.0003704	0.2111
"21:10991202-10991438"	237	10	237	"TPTE"	9	2.617e-09	2.873e-06
"21:10993824-10993934"	111	6	97	"TPTE"	5	1.439e-06	0.001419
"21:11029696-11029746"	51	4	27	"TPTE"	4	2.489e-07	0.0002556
"21:11029830-11029926"	97	11	78	"TPTE"	8	7.159e-12	8.197e-09
"21:31935857-31935970"	114	3	114	"KRTAP19-7"	3	0.001411	0.5075
"21:31972999-31973096"	98	3	98	"KRTAP6-2"	2	0.002393	0.6898
"21:32120298-32120427"	130	3	130	"KRTAP21-2"	3	0.0006135	0.2914
"21:45771908-45771991"	84	3	84	"TRPM2"	2	0.001529	0.529
"21:46342551-46342625"	75	9	75	"ITGB2"	9	1.55e-16	1.815e-13
"22:16452057-16452176"	120	3	120	"OR11H1"	3	0.0004869	0.2538
"22:18509012-18509120"	109	4	109	"MICAL3"	3	0.01001	1
"22:18924803-18924886"	84	3	84	"PRODH"	3	3.796e-05	0.03131
"22:20309851-20309904"	54	5	54	"DGCR6L"	5	2.926e-08	3.11e-05
"22:22018577-22018627"	51	3	51	"PPIL2"	3	6.122e-05	0.04714
"22:22987598-22987648"	51	3	51	"GGTLC2"	3	4.369e-05	0.03548
"22:23975416-23975466"	51	4	51	"C22orf43"	4	1.429e-07	0.0001482
"22:24181932-24181982"	51	3	51	"DERL3"	3	6.363e-06	0.005962
"22:24666228-24666287"	60	3	60	"SPECC1L"	3	3.971e-06	0.003788
"22:25171126-25171213"	88	3	88	"PIWIL3"	2	0.03922	1
"22:29076118-29076211"	94	3	94	"TTC28"	2	0.01334	1
"22:35459190-35459269"	80	3	80	"ISX"	3	0.0008622	0.3707
"22:35775661-35775730"	70	5	70	"HMOX1"	5	3.848e-08	4.079e-05
"22:37217552-37217604"	53	5	53	"PVALB"	5	5.401e-10	6.001e-07
"22:37445641-37445696"	56	4	56	"KCTD17"	2	0.002854	0.7535
"22:38033884-38033960"	77	3	77	"SH3BP1"	2	0.009597	1
"22:38243686-38243736"	51	8	51	"EIF3L"	8	1.517e-15	1.772e-12
"22:38966360-38966438"	79	3	79	"DMC1"	2	0.05812	1
"22:41600536-41600628"	93	3	93	"L3MBTL2"	3	0.005981	0.962
"22:41864692-41864801"	110	3	110	"ACO2"	3	0.01119	1
"22:42312911-42312971"	61	3	61	"SHISA8"	2	0.01055	1
"22:48883830-48883884"	55	4	55	"FAM19A5"	4	1.922e-07	0.0001984
"22:51222077-51222127"	51	7	36	"RABL2B"	7	9.668e-15	1.127e-11
"X:14891275-14891394"	120	3	120	"MOSPD2"	3	0.003844	0.8418
"X:47695713-47695766"	54	6	54	"ZNF81"	4	1.425e-06	0.001406
"X:48057967-48058026"	60	6	60	"SSX5"	5	8.722e-08	9.123e-05
"X:48240557-48240611"	55	3	55	"SSX4"	3	5.881e-05	0.04581
"X:55021325-55021391"	67	3	67	"PFKFB1"	2	0.002891	0.7574
"X:63005440-63005554"	115	3	115	"ARHGEF9"	3	0.0007838	0.3397
"X:74376709-74376759"	51	3	51	"ABCB7"	3	5.697e-05	0.04493
"X:78425531-78425664"	134	4	134	"GPR174"	3	0.03402	1
"X:83113355-83113446"	92	3	92	"CYLC1"	3	0.005339	0.9397
"X:83114408-83114486"	79	3	79	"CYLC1"	3	0.0004488	0.2415
"X:89174679-89174750"	72	3	72	"TGIF2LX"	3	0.0004414	0.2379
"X:90689530-90689580"	51	3	51	"PABPC5"	3	0.001403	0.5075
"X:99897219-99897276"	58	13	58	"SRPX2"	13	3.17e-26	3.766e-23
"X:101188296-101188383"	88	3	88	"ZMAT1"	2	0.1093	1
"X:102583296-102583430"	135	3	135	"TCEAL7"	3	0.01924	1
"X:102984692-102984792"	101	5	101	"GLRA4"	5	1.037e-05	0.009572
"X:107981867-107981917"	51	3	51	"IRS4"	3	5.989e-05	0.04635
"X:111923346-111923421"	76	8	76	"LHFPL1"	8	1.12e-13	1.297e-10
"X:111925097-111925175"	79	3	79	"LHFPL1"	3	0.004176	0.8688
"X:122317515-122317565"	51	3	51	"GRIA3"	3	4.698e-05	0.03777
"X:128978177-128978235"	59	5	59	"ZDHHC9"	4	1.2e-06	0.001192
"X:140338436-140338515"	80	3	80	"SPANXC"	3	0.006558	0.9903
"X:141293880-141294001"	122	3	122	"MAGEC2"	3	0.001052	0.42
"X:151622771-151622854"	84	3	60	"GABRA3"	2	0.001906	0.6004
"X:152757815-152757935"	121	4	121	"BGN"	4	1.293e-05	0.01179
"X:154997359-154997427"	69	3	69	"SPRY3"	3	0.0002218	0.1417
"Y:13524694-13524744"	51	3	27	"SLC9B1P1"	3	0.0001145	0.08152
